DE	ATF3
1	0.09	0.27	0.16	0.47	N
2	0.03	0.61	0.25	0.11	C
3	0.73	0.08	0.15	0.04	A
4	0.02	0.85	0.07	0.07	C
5	0	0	1	0	G
6	0	0	0	1	T
7	0	0.4	0.6	0	G
8	1	0	0	0	A
9	0	1	0	0	C
10	0.08	0.52	0.31	0.09	S
11	0.18	0.4	0.32	0.11	N
XX
DE	CEBPB
1	0.19	0.19	0.19	0.43	N
2	0.13	0.18	0.34	0.34	N
3	0.32	0.21	0.27	0.2	N
4	0	1	0	0	C
5	0	0	1	0	G
6	0	1	0	0	C
7	1	0	0	0	A
8	1	0	0	0	A
XX
DE	CTCF
1	1	0	0	0	A
2	0	1	0	0	C
3	0	1	0	0	C
4	1	0	0	0	A
5	0	1	0	0	C
6	0	0	0	1	T
7	1	0	0	0	A
8	0	0	1	0	G
9	0.37	0	0.62	0	G
10	0.13	0	0.25	0.62	T
11	0	0	1	0	G
XX
DE	EGR1
1	0.03	0.3	0.35	0.32	N
2	0.04	0.57	0.22	0.18	N
3	0.03	0.74	0.21	0.03	C
4	0	1	0	0	C
5	0	0	1	0	G
6	0	1	0	0	C
7	0	1	0	0	C
8	0	1	0	0	C
9	0.16	0.71	0.08	0.05	C
10	0.02	0.65	0.24	0.09	C
11	0.1	0.25	0.51	0.14	N
XX
DE	JUND
1	0.05	0.04	0.08	0.83	T
2	0	0	1	0	G
3	1	0	0	0	A
4	0	1	0	0	C
5	0	0	1	0	G
6	0.06	0.06	0.1	0.78	T
7	0.18	0.54	0.19	0.09	N
8	0.57	0.14	0.19	0.1	N
XX
DE	MAX
1	0.26	0.35	0.16	0.23	N
2	0.09	0.52	0.27	0.12	N
3	0	1	0	0	C
4	1	0	0	0	A
5	0	1	0	0	C
6	0	0	1	0	G
7	0	0	0	1	T
8	0	0	1	0	G
9	0.29	0.24	0.23	0.24	N
10	0.05	0.53	0.21	0.21	N
11	0.13	0.45	0.14	0.28	N
XX
DE	MXI1
1	0.44	0.09	0.38	0.09	R
2	0.21	0.36	0.37	0.06	N
3	0.31	0.43	0.17	0.09	N
4	0.09	0.85	0.05	0.01	C
5	1	0	0	0	A
6	0	1	0	0	C
7	0	0	1	0	G
8	0	0	0	1	T
9	0	0	1	0	G
10	0.01	0.4	0.41	0.18	S
11	0.35	0.22	0.2	0.23	N
XX
DE	NRF1
1	0.13	0.17	0.65	0.05	G
2	0.09	0.68	0.18	0.05	C
3	0.08	0.13	0.65	0.13	G
4	0.06	0.74	0.17	0.03	C
5	0.96	0	0.01	0.02	A
6	0	0.99	0.01	0	C
7	0	0	1	0	G
8	0	1	0	0	C
9	0	0	1	0	G
10	0.08	0.67	0.16	0.09	C
11	0.4	0.22	0.27	0.1	N
XX
DE	NRSF
1	0.14	0.07	0.7	0.09	G
2	0.07	0.24	0.57	0.12	S
3	0.35	0.37	0.04	0.24	N
4	0	0	1	0	G
5	0	1	0	0	C
6	0	0	0	1	T
7	0	0	1	0	G
8	0	0	0	1	T
9	0	0.99	0	0	C
10	0	0.98	0.01	0.01	C
11	0.53	0.16	0.2	0.12	N
XX
DE	RAD21
1	0.43	0.14	0.28	0.14	N
2	0.09	0.41	0.42	0.08	S
3	0.14	0.49	0.21	0.16	N
4	0.78	0.03	0.11	0.07	A
5	0	0	1	0	G
6	0.97	0	0.03	0	A
7	0	0	1	0	G
8	0	0	1	0	G
9	0.01	0.01	0.96	0.01	G
10	0.05	0.7	0.23	0.02	C
11	0.55	0.11	0.3	0.04	R
XX
DE	RFX5
1	0.06	0.87	0.06	0	C
2	0.19	0.44	0.06	0.31	N
3	0	0.03	0	0.97	T
4	1	0	0	0	A
5	0	0	1	0	G
6	0	1	0	0	C
7	1	0	0	0	A
8	1	0	0	0	A
9	0	1	0	0	C
10	0.56	0.31	0	0.13	M
11	0.25	0.03	0.62	0.09	G
XX
DE	SIX5
1	0.52	0.09	0.38	0.01	R
2	1	0	0	0	A
3	0	1	0	0	C
4	0	0	0	1	T
5	1	0	0	0	A
6	0	1	0	0	C
7	0.76	0.07	0.13	0.04	A
8	0.53	0.11	0.13	0.23	N
9	0.1	0.42	0.14	0.34	N
10	0.07	0.11	0.07	0.75	T
11	0.04	0.87	0.04	0.06	C
XX
DE	SP1
1	0.27	0.19	0.42	0.12	N
2	0.2	0.2	0.49	0.12	N
3	0.21	0.17	0.48	0.14	N
4	0.44	0.08	0.46	0.03	R
5	0	0	1	0	G
6	0	0	1	0	G
7	0	1	0	0	C
8	0	0	1	0	G
9	0	0.01	0.99	0	G
10	0.31	0.13	0.53	0.03	R
11	0.4	0.19	0.32	0.09	N
XX
DE	SRF
1	0.01	0.97	0.01	0.01	C
2	0	1	0	0	C
3	0.8	0	0	0.2	A
4	0.43	0	0	0.56	W
5	0.99	0	0	0.01	A
6	0	0	0	1	T
7	1	0	0	0	A
8	1	0	0	0	A
9	0	0	1	0	G
10	0	0	1	0	G
11	0.34	0.35	0.2	0.11	N
XX
DE	USF1
1	0.22	0.28	0.41	0.09	N
2	0.07	0.35	0.17	0.4	N
3	0	1	0	0	C
4	1	0	0	0	A
5	0	1	0	0	C
6	0	0	1	0	G
7	0	0	0	1	T
8	0	0	1	0	G
9	1	0	0	0	A
10	0	1	0	0	C
11	0.1	0.55	0.16	0.18	N
XX
DE	USF2
1	0.21	0.31	0.41	0.07	N
2	0.07	0.36	0.17	0.4	N
3	0.02	0.98	0	0	C
4	1	0	0	0	A
5	0	1	0	0	C
6	0	0	1	0	G
7	0	0	0	1	T
8	0	0	1	0	G
9	1	0	0	0	A
10	0.01	0.88	0.03	0.09	C
11	0.09	0.52	0.22	0.17	N
XX
DE	YY1
1	0.35	0.15	0.39	0.12	N
2	0.33	0.34	0.16	0.17	N
3	0.12	0.55	0.13	0.2	N
4	1	0	0	0	A
5	0	0	0	1	T
6	0	0	1	0	G
7	0	0	1	0	G
8	0	1	0	0	C
9	0.07	0.39	0.47	0.07	S
10	0.22	0.21	0.41	0.16	N
11	0.13	0.63	0.15	0.09	C
XX
DE	ZNF143
1	0.384   0.154   0.385   0.077   N
2	0.286   0.143   0.357   0.214   N
3	0.077   0.615   0.077   0.231   C
4	0.097   0.097   0.774   0.032   G
5	0.098   0.585   0.024   0.293   Y
6	0.481   0.037   0.463   0.019   R
7	0.422   0.0     0.344   0.234   N
8	0.07    0.029   0.155   0.746   T
9	0.0     0.014   0.972   0.014   G
10	0.055   0.753   0.192   0.0     C
11	0.972   0.014   0.0     0.014   A
12	0.0     0.068   0.014   0.918   T
13	0.0     0.096   0.356   0.548   K
14	0.274   0.307   0.387   0.032   N
15	0.016   0.145   0.0     0.839   T
16	0.0     0.0     1.0     0.0     G
17	0.0     0.0     1.0     0.0     G
18	0.032   0.0     0.952   0.016   G
19	0.317   0.1     0.033   0.55    W
20	0.659   0.068   0.205   0.068   A
21	0.524   0.119   0.238   0.119   N
22	0.333   0.242   0.152   0.273   N
XX
