DE	ATF3
1	0.35	0.17	0.27	0.21	N
2	0.29	0.27	0.31	0.13	N
3	0.95	0.01	0.01	0.04	A
4	0	0	1	0	G
5	1	0	0	0	A
6	0	0	0	1	T
7	1	0	0	0	A
8	0.99	0	0	0.01	A
9	0.23	0.19	0.46	0.13	N
10	0.33	0.2	0.29	0.18	N
11	0.33	0.21	0.26	0.2	N
XX
DE	CEBPB
1	0.27	0.18	0.33	0.21	N
2	0.67	0.02	0.08	0.22	A
3	0	0	1	0	G
4	1	0	0	0	A
5	0	0	0	1	T
6	0	0	0	1	T
7	0.89	0.03	0.05	0.03	A
8	0.22	0.29	0.27	0.22	N
XX
DE	CTCF
1	0.26	0.29	0.31	0.14	N
2	0.25	0.26	0.26	0.23	N
3	0.31	0.18	0.3	0.2	N
4	0.26	0.28	0.34	0.13	N
5	0.82	0.14	0.03	0.01	A
6	0	0	1	0	G
7	1	0	0	0	A
8	0	0	0	1	T
9	1	0	0	0	A
10	0.94	0	0.02	0.04	A
11	0.25	0.22	0.36	0.17	N
XX
DE	EGR1
1	0.25	0.25	0.3	0.2	N
2	0.33	0.15	0.33	0.18	N
3	0.22	0.29	0.4	0.09	N
4	0.98	0	0	0.02	A
5	0	0	1	0	G
6	1	0	0	0	A
7	0	0	0	1	T
8	1	0	0	0	A
9	1	0	0	0	A
10	0.23	0.16	0.51	0.11	N
11	0.27	0.26	0.35	0.12	N
XX
DE	JUND
1	0.28	0.27	0.32	0.13	N
2	0.99	0	0.01	0.01	A
3	0	0	1	0	G
4	1	0	0	0	A
5	0	0	0	1	T
6	1	0	0	0	A
7	1	0	0	0	A
8	0.05	0.03	0.88	0.04	G
9	0.32	0.22	0.35	0.11	N
10	0.3	0.23	0.27	0.2	N
XX
DE	MAX
1	0.32	0.18	0.32	0.18	N
2	0.22	0.33	0.35	0.1	N
3	0.99	0	0	0	A
4	0	0	1	0	G
5	1	0	0	0	A
6	0	0	0	1	T
7	1	0	0	0	A
8	0.99	0	0	0	A
9	0.24	0.21	0.49	0.06	N
10	0.27	0.23	0.36	0.14	N
11	0.26	0.27	0.29	0.18	N
XX
DE	MXI1
1	0.33	0.5	0.17	0	M
2	0	0	0	1	T
3	1	0	0	0	A
4	0	0	0	1	T
5	0	1	0	0	C
6	0.34	0.09	0.1	0.47	W
7	0.18	0.27	0.38	0.18	N
XX
DE	NRF1
1	1	0	0	0	A
2	0	0	1	0	G
3	1	0	0	0	A
4	0	0	0	1	T
5	1	0	0	0	A
6	1	0	0	0	A
XX
DE	NRSF
1	0.31	0.15	0.33	0.2	N
2	0.22	0.25	0.43	0.09	N
3	0.98	0	0	0.02	A
4	0	0	1	0	G
5	1	0	0	0	A
6	0	0	0	1	T
7	1	0	0	0	A
8	1	0	0	0	A
9	0	0	0.96	0.03	G
10	0.28	0.32	0.31	0.09	N
XX
DE	RAD21
1	0.3	0.19	0.3	0.21	N
2	0.22	0.33	0.31	0.15	N
3	0.54	0.05	0.08	0.34	W
4	0	0	1	0	G
5	1	0	0	0	A
6	0	0	0	1	T
7	1	0	0	0	A
8	1	0	0	0	A
9	0.2	0.19	0.48	0.13	N
10	0.26	0.23	0.34	0.17	N
11	0.3	0.24	0.28	0.18	N
XX
DE	SP1
1	0.21	0.34	0.29	0.16	N
2	0.66	0.08	0.08	0.18	A
3	0	0	1	0	G
4	1	0	0	0	A
5	0	0	0	1	T
6	1	0	0	0	A
7	0	0.14	0.73	0.12	G
8	0.2	0.31	0.31	0.18	N
XX
DE	SRF
1	0.3	0.27	0.27	0.16	N
2	0.28	0.32	0.23	0.17	N
3	0.6	0.08	0.1	0.23	W
4	0	0.02	0.97	0	G
5	0.92	0.08	0	0	A
6	0	0	0	0.99	T
7	0.86	0.01	0.04	0.09	A
8	0.65	0.08	0.17	0.1	A
9	0.25	0.18	0.44	0.13	N
10	0.27	0.21	0.34	0.18	N
11	0.25	0.24	0.31	0.2	N
XX
DE	USF1
1	0.24	0.26	0.29	0.21	N
2	0.35	0.19	0.26	0.2	N
3	0.27	0.28	0.33	0.13	N
4	0.99	0	0	0	A
5	0	0	1	0	G
6	1	0	0	0	A
7	0	0	0	1	T
8	0.99	0	0	0	A
9	0.95	0	0.03	0.01	A
10	0.25	0.2	0.41	0.14	N
11	0.33	0.21	0.29	0.17	N
XX
DE	USF2
1	0.16	0.37	0.31	0.16	N
2	0.66	0	0.1	0.24	A
3	0	0	1	0	G
4	1	0	0	0	A
5	0	0	0	1	T
6	1	0	0	0	A
7	0.69	0.07	0.15	0.09	A
8	0.18	0.26	0.44	0.12	N
XX
DE	YY1
1	0.23	0.33	0.31	0.14	N
2	0.29	0.36	0.24	0.11	N
3	0.66	0.07	0.08	0.19	A
4	0	0	1	0	G
5	1	0	0	0	A
6	0	0	0	1	T
7	0.87	0	0.13	0	A
8	0.67	0.05	0.23	0.05	A
9	0.21	0.3	0.4	0.09	N
10	0.22	0.22	0.47	0.09	N
11	0.22	0.24	0.4	0.14	N
XX
DE	ZNF143
1	0.16	0.31	0.22	0.31	N
2	0.12	0.33	0.24	0.31	N
3	0.09	0.49	0.19	0.24	N
4	0	0	0	1	T
5	0	0	0	1	T
6	1	0	0	0	A
7	0	0	0	1	T
8	0	1	0	0	C
9	0.27	0.09	0.05	0.58	W
10	0.15	0.29	0.37	0.19	N
11	0.2	0.3	0.21	0.29	N
XX
