DE	ATF3
1	0.18	0.26	0.35	0.2	N
2	0.14	0.03	0.1	0.72	T
3	0	0	1	0	G
4	0	0	1	0	G
5	0	0	0	1	T
6	0	0.01	0	0.99	T
7	0.18	0.1	0.08	0.64	T
8	0.18	0.34	0.23	0.25	N
XX
DE	CEBPB
1	0.24	0.23	0.25	0.27	N
2	0.36	0.14	0.32	0.18	N
3	0.55	0.1	0.23	0.12	N
4	1	0	0	0	A
5	1	0	0	0	A
6	0	0	0	1	T
7	0	0	1	0	G
8	1	0	0	0	A
9	0.46	0.17	0.31	0.06	N
10	0.55	0.08	0.12	0.24	N
11	0.31	0.22	0.28	0.2	N
XX
DE	CTCF
1	0	1	0	0	C
2	0	0	0	1	T
3	0	0	1	0	G
4	1	0	0	0	A
5	1	0	0	0	A
6	1	0	0	0	A
7	0.25	0.25	0.31	0.19	N
XX
DE	EGR1
1	0.33	0.15	0.2	0.32	N
2	0.2	0.35	0.32	0.13	N
3	0.15	0.02	0.05	0.79	T
4	0	0	1	0	G
5	1	0	0	0	A
6	1	0	0	0	A
7	1	0	0	0	A
8	0.08	0.81	0.05	0.07	C
9	0.16	0.48	0.11	0.24	N
10	0.31	0.27	0.22	0.2	N
11	0.33	0.24	0.24	0.19	N
XX
DE	JUND
1	0.47	0.11	0.09	0.32	N
2	0.21	0.37	0.29	0.14	N
3	0.04	0	0	0.96	T
4	0	0	1	0	G
5	1	0	0	0	A
6	1	0	0	0	A
7	1	0	0	0	A
8	0.01	0.97	0.02	0.01	C
9	0.21	0.23	0.03	0.52	N
10	0.23	0.22	0.31	0.24	N
XX
DE	MAX
1	0.31	0.18	0.15	0.36	N
2	0.21	0.37	0.25	0.16	N
3	0.18	0.15	0.02	0.64	T
4	0	0	1	0	G
5	1	0	0	0	A
6	1	0	0	0	A
7	1	0	0	0	A
8	0	1	0	0	C
9	0.33	0.17	0.09	0.41	N
10	0.15	0.23	0.35	0.27	N
11	0.32	0.26	0.24	0.18	N
XX
DE	NRSF
1	0.21	0.29	0.35	0.15	N
2	0.22	0.2	0.28	0.3	N
3	0.06	0.06	0.86	0.02	G
4	1	0	0	0	A
5	1	0	0	0	A
6	1	0	0	0	A
7	0.01	0.99	0	0	C
8	0.13	0.64	0.04	0.19	C
9	0.32	0.24	0.28	0.17	N
10	0.3	0.33	0.24	0.13	N
XX
DE	RAD21
1	0.43	0.17	0.15	0.25	N
2	0.42	0.13	0.14	0.31	N
3	0.21	0.35	0.28	0.17	N
4	0.01	0	0	0.99	T
5	0	0	1	0	G
6	1	0	0	0	A
7	1	0	0	0	A
8	1	0	0	0	A
9	0	0.98	0.01	0	C
10	0.28	0.3	0.04	0.38	N
11	0.28	0.2	0.3	0.21	N
XX
DE	RFX5
1	0.15	0.25	0.33	0.27	N
2	0	0	0	1	T
3	0	0	1	0	G
4	0	0	1	0	G
5	0	0	0	1	T
6	0	0	0	1	T
7	0.23	0.16	0.22	0.39	N
8	0.17	0.34	0.2	0.28	N
XX
DE	SP1
1	0.49	0.1	0.11	0.29	N
2	0.2	0.42	0.27	0.12	N
3	0.09	0.01	0.02	0.88	T
4	0	0	1	0	G
5	1	0	0	0	A
6	1	0	0	0	A
7	1	0	0	0	A
8	0	0.97	0.01	0.01	C
9	0.19	0.32	0.05	0.44	N
10	0.3	0.18	0.33	0.19	N
11	0.37	0.22	0.22	0.19	N
XX
DE	SRF
1	0.43	0.21	0.15	0.21	N
2	0.27	0.42	0.19	0.13	N
3	0.11	0.22	0.09	0.57	N
4	0	0	1	0	G
5	0.99	0	0	0.01	A
6	1	0	0	0	A
7	0.99	0.01	0	0	A
8	0.06	0.83	0.06	0.05	C
9	0.23	0.32	0.12	0.33	N
10	0.3	0.21	0.27	0.22	N
11	0.32	0.21	0.28	0.19	N
XX
DE	USF2
1	0.37	0.2	0.2	0.23	N
2	0.25	0.29	0.28	0.18	N
3	0.23	0.08	0.18	0.5	N
4	0	0	0.99	0	G
5	1	0	0	0	A
6	1	0	0	0	A
7	1	0	0	0	A
8	0.01	0.99	0	0	C
9	0.17	0.59	0.04	0.2	N
10	0.35	0.27	0.19	0.19	N
11	0.31	0.27	0.23	0.19	N
XX
DE	YY1
1	0.16	0.26	0.3	0.28	N
2	0.71	0.03	0.24	0.03	A
3	0.01	0	0.99	0	G
4	1	0	0	0	A
5	1	0	0	0	A
6	1	0	0	0	A
7	0	0.99	0	0	C
8	0.49	0.2	0.04	0.27	N
9	0.24	0.17	0.47	0.12	N
10	0.37	0.24	0.18	0.21	N
XX
DE	ZNF143
1	0.22	0.37	0.24	0.17	N
2	0.04	0.03	0.03	0.9	T
3	0	0	1	0	G
4	1	0	0	0	A
5	1	0	0	0	A
6	1	0	0	0	A
7	0	1	0	0	C
8	0.26	0.34	0.05	0.35	N
9	0.34	0.21	0.26	0.19	N
10	0.33	0.28	0.22	0.17	N
XX
