DE	ATF3
1	0.18	0.26	0.35	0.2	N
2	0.14	0.03	0.1	0.72	T
3	0	0	1	0	G
4	0	0	1	0	G
5	0	0	0	1	T
6	0	0.01	0	0.99	T
7	0.18	0.1	0.08	0.64	T
8	0.18	0.34	0.23	0.25	N
XX
DE	CEBPB
1	0.22	0.32	0.12	0.34	N
2	0.09	0.12	0.11	0.68	T
3	0.07	0.11	0.69	0.12	G
4	0	0	0.05	0.94	T
5	0	0	1	0	G
6	0	0	1	0	G
7	0	0	0	1	T
8	0	0	0	1	T
9	0.12	0.07	0.12	0.7	T
10	0.13	0.54	0.14	0.19	N
XX
DE	EGR1
1	0.15	0.27	0.26	0.32	N
2	0.16	0.35	0.27	0.22	N
3	0.11	0.06	0.3	0.52	K
4	0	0.02	0.98	0	G
5	0	0	0	1	T
6	0	0	1	0	G
7	0	0	1	0	G
8	0	0	0.04	0.96	T
9	0.03	0.07	0.24	0.67	T
10	0.24	0.17	0.22	0.37	N
XX
DE	JUND
1	0.21	0.2	0.2	0.39	N
2	0.19	0.44	0.16	0.21	N
3	0.06	0.01	0.02	0.92	T
4	0	0	1	0	G
5	0	0	0	1	T
6	0	0	1	0	G
7	0	0	1	0	G
8	0.02	0.03	0.07	0.88	T
9	0.13	0.18	0.18	0.51	N
10	0.35	0.12	0.18	0.36	N
XX
DE	MAX
1	0.15	0.16	0.2	0.5	N
2	0.1	0.21	0.45	0.24	N
3	0	0	0	1	T
4	0	0	1	0	G
5	0	0	1	0	G
6	0	0	0	1	T
7	0	0	0	1	T
8	0.19	0.09	0.11	0.6	T
9	0.12	0.55	0.12	0.2	N
XX
DE	RFX5
1	0.15	0.25	0.33	0.27	N
2	0	0	0	1	T
3	0	0	1	0	G
4	0	0	1	0	G
5	0	0	0	1	T
6	0	0	0	1	T
7	0.23	0.16	0.22	0.39	N
8	0.17	0.34	0.2	0.28	N
XX
DE	SP1
1	0.35	0.2	0.24	0.21	N
2	0.24	0.35	0.2	0.22	N
3	0.16	0.44	0.11	0.29	N
4	0.03	0.95	0.02	0.01	C
5	1	0	0	0	A
6	0	1	0	0	C
7	1	0	0	0	A
8	0	1	0	0	C
9	0.96	0.03	0	0.01	A
10	0.2	0.35	0.28	0.17	N
11	0.36	0.26	0.18	0.2	N
XX
DE	SRF
1	0.18	0.22	0.35	0.25	N
2	0.36	0.28	0.15	0.2	N
3	0.23	0.09	0.23	0.46	N
4	0.05	0.01	0.94	0.01	G
5	0	0	0	1	T
6	0	0	1	0	G
7	0	0	1	0	G
8	0	0	0	1	T
9	0.07	0.14	0.21	0.58	N
10	0.23	0.15	0.27	0.35	N
XX
DE	USF2
1	0.25	0.32	0.26	0.16	N
2	0.25	0.35	0.25	0.15	N
3	0.16	0.55	0.21	0.07	N
4	0.28	0.63	0.06	0.03	C
5	1	0	0	0	A
6	0	0.99	0.01	0	C
7	1	0	0	0	A
8	0.04	0.06	0.84	0.06	G
9	0.78	0.08	0.09	0.04	A
10	0.31	0.22	0.29	0.19	N
11	0.34	0.25	0.23	0.18	N
XX
