DE	ATF3
1	0.07	0.74	0.13	0.06	C
2	1	0	0	0	A
3	0	0	0	1	T
4	0	0	0	1	T
5	0	1	0	0	C
6	0.14	0.56	0.04	0.26	Y
XX
DE	CEBPB
1	0.26	0.21	0.35	0.18	N
2	0.23	0.68	0.07	0.01	C
3	1	0	0	0	A
4	0	0	0	1	T
5	0	0	0	1	T
6	0	1	0	0	C
7	0	1	0	0	C
8	0.38	0.22	0.04	0.36	N
XX
DE	CTCF
1	0.21	0.47	0.21	0.11	N
2	1	0	0	0	A
3	0	0	0	1	T
4	0	0	0	1	T
5	0	1	0	0	C
6	0	1	0	0	C
7	0.31	0.2	0.03	0.47	N
8	0.19	0.23	0.33	0.26	N
XX
DE	EGR1
1	0.17	0.33	0.24	0.26	N
2	0.15	0.36	0.27	0.22	N
3	0.24	0.21	0.43	0.12	N
4	0.12	0.71	0.13	0.04	C
5	1	0	0	0	A
6	0	0	0	1	T
7	0	0	0	0.99	T
8	0	0.99	0	0.01	C
9	0.01	0.95	0.01	0.04	C
10	0.26	0.36	0.07	0.31	N
XX
DE	JUND
1	0.22	0.15	0.52	0.11	N
2	0.22	0.56	0.18	0.04	N
3	1	0	0	0	A
4	0	0	0	1	T
5	0	0	0	1	T
6	0	1	0	0	C
7	0	1	0	0	C
8	0.51	0.15	0.06	0.27	N
XX
DE	RAD21
1	0.23	0.24	0.36	0.17	N
2	0.18	0.64	0.13	0.05	C
3	1	0	0	0	A
4	0	0	0	1	T
5	0	0	0	1	T
6	0	1	0	0	C
7	0	1	0	0	C
8	0.31	0.3	0.05	0.35	N
9	0.31	0.22	0.31	0.17	N
XX
DE	RFX5
1	0.98	0	0	0.02	A
2	0	0	0	1	T
3	0	0	0	1	T
4	0	1	0	0	C
5	0	1	0	0	C
6	0.32	0.33	0.05	0.3	N
XX
DE	SP1
1	0.44	0.05	0.42	0.09	R
2	0.32	0.58	0.07	0.03	M
3	1	0	0	0	A
4	0	0	0	1	T
5	0	0	0	1	T
6	0	1	0	0	C
7	0	1	0	0	C
8	0.48	0.11	0.03	0.38	W
XX
DE	USF1
1	0.29	0.16	0.39	0.16	N
2	0.39	0.35	0.15	0.11	N
3	1	0	0	0	A
4	0	0	0	1	T
5	0	0	0	1	T
6	0	1	0	0	C
7	0	1	0	0	C
8	0.37	0.19	0.04	0.39	N
XX
DE	USF2
1	0	1	0	0	C
2	1	0	0	0	A
3	0	0	0	1	T
4	0	0	0	1	T
5	0	1	0	0	C
6	0.23	0	0.13	0.64	T
XX
DE	YY1
1	0.3	0.22	0.33	0.15	N
2	0.12	0.64	0.2	0.04	C
3	1	0	0	0	A
4	0	0	0	1	T
5	0	0	0	1	T
6	0	0.99	0	0	C
7	0	0.99	0	0.01	C
8	0.2	0.26	0.06	0.47	N
9	0.18	0.22	0.31	0.28	N
10	0.19	0.28	0.31	0.22	N
11	0.17	0.34	0.29	0.2	N
XX
