DE	SharednotHela_c0_0
1	0.25	0.32	0.3	0.12	N
2	0.44	0.09	0.17	0.29	N
3	0	0	1	0	G
4	0	0	1	0	G
5	0	0	1	0	G
6	0.01	0.98	0.02	0	C
7	0.33	0.26	0.09	0.32	N
8	0.15	0.23	0.34	0.28	N
XX
DE	SharednotHela_c1_0
1	0.26	0.32	0.3	0.12	N
2	0.58	0.09	0.1	0.23	W
3	0	0	1	0	G
4	0	0.01	0.99	0	G
5	0	1	0	0	C
6	0	0	0	1	T
7	0.05	0.24	0.54	0.17	N
8	0.25	0.18	0.33	0.24	N
XX
DE	SharednotHela_c2_0
1	0.45	0.29	0	0.26	N
2	0	0	1	0	G
3	0	0	1	0	G
4	0	0	1	0	G
5	0	0	1	0	G
6	0	0	1	0	G
7	0.2	0.53	0.18	0.1	N
8	0.29	0.24	0.3	0.16	N
XX
DE	SharednotHela_c4_0
1	0.12	0.54	0.23	0.11	N
2	0.19	0.04	0.08	0.7	T
3	0	0	1	0	G
4	0	1	0	0	C
5	0.11	0	0	0.89	T
6	0	0	1	0	G
7	0.14	0.54	0.16	0.15	N
8	0.16	0.44	0.24	0.16	N
XX
DE	SharednotHela_c5_0
1	0.17	0.44	0.24	0.15	N
2	0.19	0.11	0.02	0.69	T
3	0.01	0	0.99	0	G
4	0	0	1	0	G
5	1	0	0	0	A
6	0	0	1	0	G
7	0.18	0.51	0.19	0.11	N
8	0.15	0.43	0.23	0.2	N
XX
DE	SharednotHela_c6_0
1	0.19	0.34	0.28	0.19	N
2	0.07	0.49	0.34	0.1	S
3	0.3	0.19	0.35	0.16	N
4	0	0.01	0.99	0	G
5	0	1	0	0	C
6	0	0	1	0	G
7	0	0.99	0.01	0	C
8	0.01	0.9	0.05	0.05	C
9	0.24	0.5	0.08	0.18	N
10	0.07	0.46	0.24	0.24	N
11	0.13	0.53	0.26	0.08	N
XX
DE	SharednotHela_c7_0
1	0.32	0.28	0.21	0.18	N
2	0.25	0.24	0.28	0.24	N
3	0.29	0.08	0.2	0.43	N
4	0	1	0	0	C
5	0	1	0	0	C
6	0	0	1	0	G
7	0.27	0.55	0.16	0.02	M
8	0.27	0.32	0.23	0.17	N
XX
DE	SharednotHela_c8_0
1	0.19	0.44	0.28	0.1	N
2	0.22	0.26	0.19	0.32	N
3	0.16	0.31	0.36	0.17	N
4	0.07	0.4	0.49	0.03	S
5	0.03	0.01	0	0.95	T
6	0	0	1	0	G
7	0	0	1	0	G
8	0	0.98	0	0.02	C
9	0.04	0.67	0.15	0.14	C
10	0.28	0.19	0.29	0.23	N
XX
DE	SharednotHela_c9_0
1	0.21	0.37	0.28	0.14	N
2	0.25	0.24	0.23	0.28	N
3	0.01	0	0.99	0	G
4	0	0	1	0	G
5	0	0	1	0	G
6	1	0	0	0	A
7	0.03	0.03	0.92	0.01	G
8	0.22	0.25	0.38	0.15	N
XX
DE	K562HepG2_c1_0
1	0.31	0.2	0.21	0.28	N
2	0.5	0.19	0.15	0.16	N
3	0	1	0	0	C
4	1	0	0	0	A
5	1	0	0	0	A
6	1	0	0	0	A
7	0.04	0.45	0.47	0.03	S
8	0.39	0.22	0.25	0.14	N
XX
DE	K562HepG2_c3_0
1	0.3	0.21	0.3	0.19	N
2	0.42	0.14	0.24	0.19	N
3	0.04	0	0.96	0	G
4	0	0	1	0	G
5	0	1	0	0	C
6	0	1	0	0	C
7	0.89	0	0.03	0.08	A
8	0.19	0.21	0.47	0.13	N
XX
DE	K562HepG2_c5_0
1	0.23	0.35	0.25	0.16	N
2	0.67	0.04	0.06	0.23	A
3	0	0	1	0	G
4	1	0	0	0	A
5	0	0	0	1	T
6	0.99	0	0	0	A
7	0.77	0.08	0.1	0.05	A
8	0.23	0.2	0.41	0.15	N
XX
DE	K562HepG2_c7_0
1	0.24	0.41	0.19	0.16	N
2	1	0	0	0	A
3	1	0	0	0	A
4	1	0	0	0	A
5	0	0	1	0	G
6	0.02	0	0.01	0.98	T
7	0.24	0.37	0.2	0.19	N
8	0.29	0.3	0.13	0.28	N
XX
DE	K562HepG2_c8_0
1	0.45	0.12	0.29	0.14	N
2	0.23	0.51	0.2	0.06	N
3	1	0	0	0	A
4	0	0	1	0	G
5	1	0	0	0	A
6	0	0	1	0	G
7	0.17	0.25	0.2	0.38	N
8	0.24	0.32	0.19	0.24	N
XX
DE	K562HepG2_c9_0
1	0.23	0.21	0.3	0.26	N
2	0.13	0.19	0.17	0.51	N
3	0.4	0.48	0.06	0.06	M
4	0.96	0.04	0	0	A
5	1	0	0	0	A
6	0	1	0	0	C
7	0.95	0.03	0	0.01	A
8	0.12	0.33	0.39	0.16	N
XX
DE	K562Huvec_c0_0
1	0.39	0.08	0.37	0.15	N
2	0.02	0.02	0.87	0.09	G
3	0	1	0	0	C
4	0	1	0	0	C
5	1	0	0	0	A
6	0.08	0	0.91	0	G
7	0.4	0.21	0.21	0.18	N
8	0.28	0.2	0.29	0.23	N
XX
DE	K562Huvec_c1_0
1	0.05	0.48	0.11	0.36	Y
2	0.66	0	0	0.34	A
3	0	0	0	1	T
4	0	0	0	1	T
5	0	0	0	1	T
6	0	0	0	1	T
7	0.02	0.01	0.01	0.97	T
8	0.21	0.32	0.27	0.2	N
9	0.26	0.36	0.14	0.25	N
XX
DE	K562Huvec_c2_0
1	0.32	0.25	0.29	0.13	N
2	0.67	0.02	0.04	0.27	A
3	0	0	0.99	0.01	G
4	1	0	0	0	A
5	0	0	0	1	T
6	1	0	0	0	A
7	0.99	0	0	0	A
8	0.19	0.16	0.52	0.12	N
XX
DE	K562Huvec_c3_0
1	0.26	0.39	0.23	0.12	N
2	0.8	0.02	0.08	0.1	A
3	0	0	1	0	G
4	0	0	1	0	G
5	1	0	0	0	A
6	1	0	0	0	A
7	0.98	0.01	0	0.01	A
8	0.23	0.29	0.18	0.3	N
XX
DE	K562Huvec_c4_0
1	0.4	0.19	0.22	0.19	N
2	0.54	0.1	0.15	0.21	N
3	0	1	0	0	C
4	1	0	0	0	A
5	0	0	1	0	G
6	0	1	0	0	C
7	0.28	0.13	0.03	0.56	W
8	0.15	0.12	0.47	0.25	N
XX
DE	K562Huvec_c5_0
1	0.29	0.38	0.25	0.08	N
2	0.92	0.01	0.04	0.02	A
3	0	0	1	0	G
4	0	0	1	0	G
5	1	0	0	0	A
6	1	0	0	0	A
7	0	0.04	0.95	0.01	G
8	0.22	0.21	0.24	0.33	N
XX
DE	K562Huvec_c6_0
1	0.18	0.4	0.2	0.22	N
2	0.09	0.01	0.03	0.88	T
3	0	0	1	0	G
4	0	0	0	1	T
5	0	0	0	1	T
6	0.04	0.9	0.01	0.05	C
7	0.19	0.18	0.05	0.59	N
8	0.24	0.23	0.24	0.3	N
XX
DE	K562Huvec_c7_0
1	0.08	0.51	0.39	0.02	S
2	0	0.01	0	0.99	T
3	0	0	0	1	T
4	0	0	0	1	T
5	0	0.01	0	0.99	T
6	0.01	0	0.03	0.95	T
7	0.2	0.46	0.23	0.12	N
8	0.2	0.52	0.1	0.18	N
XX
DE	K562Huvec_c9_0
1	0.25	0.1	0.2	0.45	N
2	0.09	0.2	0.61	0.09	G
3	0.86	0.01	0.04	0.08	A
4	0	0.11	0.88	0	G
5	0	0	0.01	0.98	T
6	0	1	0	0	C
7	0.91	0.02	0	0.06	A
8	0.05	0.2	0.53	0.22	N
XX
DE	SharednotH1hESC_c0_0
1	0.22	0.35	0.13	0.31	N
2	0.14	0.57	0.13	0.16	N
3	0	1	0	0	C
4	0	0	0	1	T
5	0	1	0	0	C
6	0	0	0	0.99	T
7	0.13	0.23	0.33	0.31	N
8	0.15	0.31	0.31	0.24	N
XX
DE	SharednotH1hESC_c2_0
1	0.18	0.12	0.21	0.49	N
2	0.14	0.19	0.53	0.14	N
3	0.97	0	0	0.02	A
4	0	0	1	0	G
5	0	0	0	1	T
6	0	1	0	0	C
7	0.98	0.01	0	0.01	A
8	0.12	0.31	0.29	0.28	N
XX
DE	SharednotH1hESC_c7_0
1	0.21	0.45	0.13	0.21	N
2	0.01	0	0.02	0.97	T
3	0	0	1	0	G
4	0	0	0	1	T
5	0	0	1	0	G
6	0	0	0	0.99	T
7	0.12	0.23	0.25	0.4	N
8	0.26	0.23	0.15	0.36	N
XX
DE	SharednotH1hESC_c8_0
1	0.15	0.26	0.28	0.31	N
2	0.18	0.1	0.26	0.46	N
3	0	0	1	0	G
4	0	1	0	0	C
5	0	1	0	0	C
6	1	0	0	0	A
7	0.13	0.34	0.28	0.26	N
8	0.22	0.38	0.15	0.25	N
XX
DE	HepG2Huvec_c1_0
1	0.23	0.45	0.19	0.13	N
2	0.64	0.02	0.11	0.23	A
3	0	0	1	0	G
4	0	0	1	0	G
5	1	0	0	0	A
6	1	0	0	0	A
7	0.7	0.03	0.21	0.05	A
8	0.2	0.2	0.28	0.32	N
XX
DE	HepG2Huvec_c2_0
1	0.2	0.27	0.2	0.34	N
2	0.3	0.17	0.15	0.38	N
3	0.1	0.16	0.05	0.69	T
4	0.01	0	0	0.99	T
5	0	0	0.99	0	G
6	0.01	0	0	0.99	T
7	0.01	0.02	0	0.97	T
8	0.1	0.11	0.11	0.68	T
9	0.23	0.12	0.4	0.25	N
10	0.19	0.27	0.2	0.34	N
XX
DE	HepG2Huvec_c3_0
1	0.36	0.1	0.16	0.37	N
2	0.01	0	0	0.99	T
3	1	0	0	0	A
4	0	0	0	1	T
5	0	0	0	1	T
6	0	0.01	0	0.99	T
7	0.32	0.16	0.36	0.17	N
8	0.18	0.37	0.16	0.29	N
XX
DE	HepG2Huvec_c4_0
1	0.37	0.17	0.24	0.22	N
2	0.26	0.39	0.13	0.21	N
3	0.98	0	0.02	0	A
4	0	1	0	0	C
5	1	0	0	0	A
6	0	1	0	0	C
7	0.99	0	0	0.01	A
8	0.22	0.1	0.45	0.23	N
XX
DE	HepG2Huvec_c5_0
1	0.38	0.16	0.23	0.23	N
2	0.45	0.07	0.28	0.19	N
3	0	0	1	0	G
4	0	0	1	0	G
5	0	0	0	1	T
6	0	1	0	0	C
7	0.99	0	0	0.01	A
8	0.19	0.25	0.33	0.22	N
XX
DE	HepG2Huvec_c7_0
1	0.24	0.34	0.16	0.25	N
2	0	0.94	0.01	0.05	C
3	0	0	0	1	T
4	0	0	0	1	T
5	0	0	0	1	T
6	0	0	0.99	0	G
7	0.25	0.18	0.24	0.33	N
8	0.32	0.23	0.16	0.3	N
XX
DE	HepG2Huvec_c8_0
1	0.15	0.25	0.24	0.36	N
2	0	0.01	0	0.99	T
3	0	0	0	1	T
4	0	0	0	1	T
5	0	0	0	1	T
6	0	0	0	1	T
7	0.15	0.67	0.18	0	C
8	0.23	0.62	0.06	0.09	C
XX
DE	Shared_c0_0
1	0.34	0.18	0.21	0.28	N
2	0.11	0.08	0.46	0.34	K
3	0	0.97	0.02	0	C
4	0	1	0	0	C
5	0	0	0	1	T
6	0	0	0	1	T
7	0.04	0.13	0.32	0.51	K
8	0.34	0.19	0.19	0.28	N
XX
DE	Shared_c1_0
1	0.27	0.26	0.35	0.12	N
2	0.15	0.09	0.11	0.64	T
3	0	0	1	0	G
4	0	0	1	0	G
5	0	1	0	0	C
6	0	1	0	0	C
7	0.82	0.07	0.09	0.02	A
8	0.13	0.54	0.11	0.22	N
9	0.25	0.41	0.14	0.2	N
10	0.36	0.18	0.27	0.19	N
11	0.15	0.25	0.44	0.15	N
12	0.24	0.22	0.34	0.2	N
13	0.22	0.23	0.32	0.23	N
XX
DE	Shared_c2_0
1	0.69	0.05	0.14	0.12	A
2	0.04	0.6	0.34	0.03	S
3	0.09	0.4	0.09	0.41	Y
4	0.92	0.05	0.03	0	A
5	0	0	1	0	G
6	1	0	0	0	A
7	0	0	0.99	0.01	G
8	0	0	0.99	0	G
9	0.01	0	0.98	0.01	G
10	0.14	0.77	0.06	0.03	C
11	0.52	0.04	0.38	0.05	R
XX
DE	Shared_c4_0
1	0.1	0.34	0.07	0.48	Y
2	0.16	0.04	0.76	0.05	G
3	0.01	0.9	0.08	0.01	C
4	0	0.96	0.01	0.03	C
5	0.89	0	0.11	0.01	A
6	0	0.98	0	0.01	C
7	0	0.98	0	0.01	C
8	0.34	0.03	0.04	0.59	W
9	0.3	0.16	0.48	0.07	N
10	0.12	0.33	0.48	0.07	S
11	0.14	0.14	0.14	0.59	N
XX
DE	Shared_c5_0
1	0.38	0.13	0.31	0.18	N
2	0.26	0.33	0.3	0.12	N
3	0	0.99	0.01	0	C
4	1	0	0	0	A
5	0	0	1	0	G
6	0	1	0	0	C
7	0.98	0	0.01	0	A
8	0.14	0.11	0.65	0.1	G
XX
DE	Shared_c6_0
1	0.24	0.38	0.17	0.22	N
2	0.14	0.16	0.03	0.67	T
3	0	0	1	0	G
4	0	1	0	0	C
5	1	0	0	0	A
6	0	0	1	0	G
7	0.27	0.04	0.01	0.68	T
8	0.32	0.18	0.23	0.27	N
XX
DE	Shared_c8_0
1	0.49	0.19	0.21	0.11	N
2	0.11	0.17	0.63	0.09	G
3	0.39	0.12	0.43	0.06	R
4	0.02	0.1	0.45	0.43	K
5	0.05	0.05	0.89	0	G
6	0	0	1	0	G
7	0	1	0	0	C
8	0	0	1	0	G
9	0.01	0.97	0.01	0	C
10	0.04	0.57	0.15	0.24	Y
11	0.25	0.29	0.3	0.16	N
XX
DE	Shared_c9_0
1	0.51	0.11	0.18	0.2	N
2	0.03	0.66	0.16	0.15	C
3	0	0	0	1	T
4	0	0	1	0	G
5	0	0.99	0.01	0	C
6	0	1	0	0	C
7	0.41	0.33	0.21	0.05	N
8	0.14	0.33	0.09	0.44	N
XX
DE	HelaHepG2_c2_0
1	0.29	0.32	0.14	0.25	N
2	0.21	0.03	0.18	0.58	N
3	0.07	0.42	0.2	0.31	N
4	0	1	0	0	C
5	0	1	0	0	C
6	0.09	0	0	0.91	T
7	0	0.01	0.99	0	G
8	0.11	0.11	0.66	0.12	G
XX
DE	HelaHepG2_c3_0
1	0.22	0.34	0.23	0.21	N
2	0.02	0	0.05	0.92	T
3	0	0	1	0	G
4	0	1	0	0	C
5	0	1	0	0	C
6	0.01	0.99	0	0	C
7	0.3	0.32	0.06	0.31	N
8	0.25	0.26	0.17	0.31	N
XX
DE	HelaHepG2_c4_0
1	0.21	0.24	0.22	0.33	N
2	0.01	0.99	0.01	0	C
3	1	0	0	0	A
4	1	0	0	0	A
5	1	0	0	0	A
6	0	0.02	0.98	0.01	G
7	0.23	0.18	0.36	0.23	N
8	0.24	0.29	0.22	0.25	N
XX
DE	HelaHepG2_c5_0
1	0.23	0.21	0.19	0.36	N
2	0.05	0.01	0.04	0.89	T
3	0	0	1	0	G
4	0	0	0	1	T
5	0	0	0	1	T
6	0	0	0.01	0.99	T
7	0.39	0.03	0.54	0.04	R
8	0.18	0.33	0.13	0.35	N
XX
DE	HelaHepG2_c6_0
1	0.21	0.07	0.14	0.58	N
2	0.12	0.07	0.67	0.13	G
3	0.99	0.01	0	0	A
4	0	0.01	0.99	0	G
5	0	0	0	1	T
6	0	1	0	0	C
7	0.85	0.1	0	0.05	A
8	0.2	0.31	0.2	0.29	N
XX
DE	HelaHepG2_c7_0
1	0.23	0.3	0.23	0.24	N
2	0.23	0.07	0.38	0.31	N
3	0	0.02	0.93	0.04	G
4	0	1	0	0	C
5	0	1	0	0	C
6	0	1	0	0	C
7	0.06	0	0	0.94	T
8	0.02	0.08	0.83	0.07	G
XX
DE	HelaHepG2_c8_0
1	0.18	0.37	0.17	0.28	N
2	0	0	0.01	0.99	T
3	0	0	1	0	G
4	0	0	0	1	T
5	0	0	1	0	G
6	0	0.01	0	0.99	T
7	0.24	0.13	0.32	0.3	N
8	0.21	0.25	0.18	0.36	N
XX
DE	HelaHepG2_c9_0
1	0.24	0.2	0.32	0.24	N
2	0.1	0.02	0.72	0.16	G
3	0	1	0	0	C
4	0	0	0	1	T
5	0	0	1	0	G
6	0	0	1	0	G
7	0.15	0.26	0.54	0.05	N
8	0.29	0.34	0.16	0.21	N
XX
DE	GM12878H1hESC_c1_0
1	0.35	0.19	0.23	0.23	N
2	0.05	0.24	0.61	0.1	G
3	0	0	0	1	T
4	0	0	1	0	G
5	1	0	0	0	A
6	0	0	1	0	G
7	0.47	0.26	0.15	0.12	N
8	0.35	0.22	0.24	0.19	N
XX
DE	GM12878H1hESC_c2_0
1	0.61	0.08	0.01	0.3	A
2	0	0	0.99	0	G
3	0	0	1	0	G
4	0	0	1	0	G
5	0	0	0.99	0	G
6	0.39	0.19	0.33	0.09	N
7	0.29	0.26	0.25	0.2	N
8	0.24	0.17	0.42	0.17	N
XX
DE	GM12878H1hESC_c3_0
1	0.09	0.21	0.59	0.11	S
2	0	0.02	0.01	0.97	T
3	0	0	0	1	T
4	0	0	0	1	T
5	0	1	0	0	C
6	0.64	0.16	0.04	0.16	A
7	0.25	0.2	0.36	0.18	N
8	0.16	0.21	0.22	0.41	N
XX
DE	GM12878H1hESC_c5_0
1	0.35	0.17	0.24	0.24	N
2	0.2	0.18	0.51	0.11	N
3	0.99	0.01	0	0	A
4	1	0	0	0	A
5	1	0	0	0	A
6	0	0	1	0	G
7	0.08	0.05	0.79	0.08	G
8	0.35	0.29	0.26	0.1	N
XX
DE	GM12878H1hESC_c6_0
1	0.22	0.23	0.37	0.18	N
2	0.14	0.63	0.09	0.15	C
3	0.97	0	0.01	0.01	A
4	0	0.99	0.01	0	C
5	0	1	0	0	C
6	0.05	0	0	0.95	T
7	0.03	0.03	0.86	0.09	G
8	0.15	0.22	0.45	0.18	N
XX
DE	GM12878H1hESC_c7_0
1	0.12	0.33	0.36	0.19	N
2	0.53	0.04	0.31	0.11	R
3	0	0.01	0.99	0	G
4	0	0.16	0.84	0	G
5	0	1	0	0	C
6	0	0	0.01	0.99	T
7	0.04	0.03	0.59	0.33	K
8	0.16	0.28	0.35	0.22	N
XX
DE	GM12878H1hESC_c8_0
1	0.25	0.32	0.13	0.3	N
2	0.36	0.16	0.32	0.16	N
3	0	1	0	0	C
4	0	1	0	0	C
5	1	0	0	0	A
6	0	1	0	0	C
7	0.1	0.86	0	0.04	C
8	0.26	0.32	0.16	0.27	N
XX
DE	GM12878H1hESC_c9_0
1	0.15	0.1	0.45	0.3	N
2	0.24	0.32	0.27	0.17	N
3	0	0	0	1	T
4	0	0	1	0	G
5	0	1	0	0	C
6	0.97	0	0	0.03	A
7	0	0	1	0	G
8	0.33	0.31	0.29	0.07	N
XX
DE	GM12878Hela_c0_0
1	0.2	0.38	0.22	0.19	N
2	0.03	0.01	0	0.96	T
3	0	0	1	0	G
4	0	0	1	0	G
5	0	0	1	0	G
6	0.01	0.07	0.81	0.12	G
7	0.34	0.25	0.18	0.24	N
8	0.3	0.18	0.27	0.25	N
XX
DE	GM12878Hela_c4_0
1	0.4	0.18	0.14	0.29	N
2	0.44	0.2	0.22	0.14	N
3	0	0	0.01	0.99	T
4	0	0	1	0	G
5	1	0	0	0	A
6	1	0	0	0	A
7	0.88	0.02	0.04	0.07	A
8	0.24	0.13	0.33	0.31	N
XX
DE	GM12878Hela_c5_0
1	0.27	0.27	0.28	0.18	N
2	0.71	0.04	0.22	0.03	A
3	0	0	0.99	0	G
4	1	0	0	0	A
5	1	0	0	0	A
6	1	0	0	0	A
7	0.01	0.02	0.74	0.24	G
8	0.24	0.23	0.3	0.24	N
XX
DE	GM12878Hela_c6_0
1	0.34	0.12	0.23	0.32	N
2	0.15	0.12	0.67	0.07	G
3	1	0	0	0	A
4	1	0	0	0	A
5	1	0	0	0	A
6	0	1	0	0	C
7	0.18	0.57	0.03	0.22	N
8	0.36	0.21	0.15	0.28	N
XX
DE	GM12878Hela_c9_0
1	0.83	0.03	0.13	0.01	A
2	0	0	0	0.99	T
3	0	0	1	0	G
4	1	0	0	0	A
5	0	0.72	0.27	0.01	C
6	0.12	0.05	0.04	0.79	T
7	0.18	0.6	0.1	0.12	N
8	0.65	0.13	0.08	0.14	A
XX
DE	GM12878HepG2_c0_0
1	0.34	0.32	0.17	0.17	N
2	1	0	0	0	A
3	0	0.99	0.01	0	C
4	0	0	0	1	T
5	0	0	1	0	G
6	0.99	0	0	0.01	A
7	0.37	0.14	0.3	0.2	N
8	0.24	0.25	0.28	0.23	N
XX
DE	GM12878HepG2_c1_0
1	0.39	0.22	0.17	0.22	N
2	0.03	0.97	0	0	C
3	1	0	0	0	A
4	0	0	1	0	G
5	1	0	0	0	A
6	0	0.02	0.98	0	G
7	0.25	0.31	0.24	0.2	N
8	0.27	0.23	0.22	0.28	N
XX
DE	GM12878HepG2_c2_0
1	0.31	0.22	0.25	0.22	N
2	0.28	0.02	0.3	0.4	N
3	0	0	0.99	0.01	G
4	1	0	0	0	A
5	1	0	0	0	A
6	0	1	0	0	C
7	0.55	0.13	0.03	0.29	W
8	0.26	0.19	0.32	0.24	N
XX
DE	GM12878HepG2_c3_0
1	0.34	0.19	0.27	0.2	N
2	0.03	0.51	0.39	0.07	S
3	0	0	0	0.99	T
4	0	0	0	1	T
5	0	0	0	1	T
6	0	0.99	0	0	C
7	0.44	0.26	0.04	0.26	N
8	0.19	0.39	0.14	0.27	N
XX
DE	GM12878HepG2_c4_0
1	0.31	0.13	0.21	0.35	N
2	0.26	0.14	0.36	0.24	N
3	0	0.99	0	0	C
4	1	0	0	0	A
5	1	0	0	0	A
6	1	0	0	0	A
7	0.07	0.01	0.86	0.05	G
8	0.3	0.23	0.23	0.25	N
XX
DE	GM12878HepG2_c5_0
1	0.26	0.15	0.08	0.51	N
2	0	0	1	0	G
3	0	0	1	0	G
4	0	0	1	0	G
5	0	0	1	0	G
6	0	0	1	0	G
7	0.33	0.3	0.19	0.18	N
8	0.24	0.14	0.46	0.17	N
XX
DE	GM12878HepG2_c6_0
1	0.29	0.26	0.19	0.26	N
2	0.07	0.07	0.11	0.74	T
3	0	0	1	0	G
4	0	0	0	1	T
5	0	0	0	1	T
6	0	0	0	1	T
7	0.13	0.25	0.55	0.07	S
8	0.26	0.31	0.13	0.3	N
XX
DE	GM12878HepG2_c7_0
1	0.25	0.35	0.19	0.21	N
2	0.32	0.53	0.07	0.08	M
3	0	1	0	0	C
4	1	0	0	0	A
5	0	1	0	0	C
6	1	0	0	0	A
7	0.15	0.11	0.52	0.21	N
8	0.18	0.24	0.28	0.3	N
XX
DE	GM12878HepG2_c9_0
1	0.24	0.23	0.18	0.36	N
2	0.21	0.28	0.22	0.29	N
3	0.02	0.98	0	0	C
4	0	0	0	1	T
5	0	1	0	0	C
6	0	0	0	1	T
7	0	0.95	0	0.05	C
8	0.37	0.19	0.05	0.39	N
XX
DE	HelaHelaonly_c0_0
1	0.3	0.18	0.1	0.42	N
2	0.26	0.27	0.28	0.19	N
3	0.93	0.03	0.01	0.02	A
4	0	0.99	0.01	0	C
5	1	0	0	0	A
6	0	0	0	1	T
7	0	0	0	1	T
8	0.05	0.84	0.04	0.06	C
9	0.08	0.88	0.02	0.03	C
10	0.39	0.12	0.04	0.45	W
XX
DE	HelaHelaonly_c1_0
1	0.53	0.23	0.16	0.08	N
2	1	0	0	0	A
3	0	0	1	0	G
4	1	0	0	0	A
5	0	0	0	1	T
6	0.64	0.01	0	0.35	A
7	0.41	0.24	0.05	0.3	N
8	0.36	0.31	0.15	0.18	N
XX
DE	HelaHelaonly_c2_0
1	0.07	0.04	0.15	0.75	T
2	0.15	0.02	0.68	0.16	G
3	0.8	0.18	0	0.02	A
4	0.02	0.23	0.74	0	G
5	0	0.01	0	0.99	T
6	0.02	0.97	0	0.01	C
7	1	0	0	0	A
8	0.01	0	0.01	0.98	T
9	0.61	0.08	0.16	0.15	A
10	0.48	0.16	0.07	0.29	N
11	0.31	0.3	0.11	0.28	N
XX
DE	HelaHelaonly_c3_0
1	0.23	0.22	0.28	0.26	N
2	0.82	0.04	0.12	0.01	A
3	0	0	0	1	T
4	0.7	0	0.04	0.26	A
5	1	0	0	0	A
6	0	0	0	1	T
7	0.27	0.03	0.02	0.68	T
8	0.41	0.11	0.14	0.35	N
9	0.46	0.34	0.08	0.12	N
10	0.32	0.09	0.07	0.52	W
11	0.23	0.2	0.22	0.35	N
XX
DE	HelaHelaonly_c4_0
1	0.7	0.04	0.17	0.08	A
2	0	0	0	1	T
3	0	0.01	0.99	0	G
4	1	0	0	0	A
5	0	0	0	1	T
6	0.07	0	0.22	0.72	T
7	0.3	0.32	0.13	0.25	N
8	0.35	0.38	0.12	0.15	N
XX
DE	HelaHelaonly_c5_0
1	0.34	0	0.45	0.21	N
2	0	0	1	0	G
3	0	0.06	0.94	0	G
4	0.62	0.02	0	0.35	A
5	0.65	0	0.34	0	A
6	0	0	0	1	T
7	0.07	0.07	0.51	0.35	K
8	0.13	0.4	0.27	0.2	N
XX
DE	HelaHelaonly_c6_0
1	0.24	0.23	0.28	0.25	N
2	0.78	0.11	0.01	0.09	A
3	0	0.02	0.1	0.88	T
4	0.01	0	0	0.98	T
5	1	0	0	0	A
6	1	0	0	0	A
7	0.01	0	0	0.99	T
8	0.15	0.19	0.05	0.61	T
9	0.42	0.15	0.16	0.28	N
10	0.22	0.49	0.12	0.17	N
XX
DE	HelaHelaonly_c7_0
1	0.05	0.06	0.19	0.7	T
2	0.22	0.04	0.66	0.08	G
3	0.73	0.26	0	0.01	A
4	0	0.17	0.83	0	G
5	0	0	0	1	T
6	0	1	0	0	C
7	1	0	0	0	A
8	0.02	0.86	0.07	0.05	C
9	0.18	0.5	0.08	0.24	N
10	0.12	0.63	0.12	0.13	C
11	0.25	0.32	0.11	0.32	N
XX
DE	HelaHelaonly_c8_0
1	0.21	0.18	0.28	0.33	N
2	0.36	0.14	0.2	0.3	N
3	0.68	0.03	0.15	0.14	A
4	0.68	0	0	0.32	A
5	0.08	0	0	0.91	T
6	0	0	0	1	T
7	0	0	0	1	T
8	0	0	0.07	0.93	T
9	0.81	0.01	0.17	0	A
10	0.06	0.02	0.12	0.8	T
11	0.19	0.24	0.27	0.3	N
XX
DE	HelaHelaonly_c9_0
1	0.41	0.26	0.22	0.11	N
2	0.99	0	0.01	0	A
3	0	0	0	1	T
4	1	0	0	0	A
5	1	0	0	0	A
6	1	0	0	0	A
7	0.1	0.09	0.03	0.77	T
8	0.51	0.18	0.05	0.26	N
XX
DE	HepG2HepG2only_c1_0
1	0.27	0.21	0.29	0.23	N
2	0.66	0.09	0.09	0.17	A
3	0	1	0	0	C
4	0	0	0	1	T
5	0	1	0	0	C
6	0	0	0	1	T
7	0.01	0.06	0.87	0.06	G
8	0.17	0.16	0.13	0.54	N
XX
DE	HepG2HepG2only_c2_0
1	0.6	0.06	0.2	0.14	A
2	0.01	0.01	0.91	0.07	G
3	0	0	0	0.99	T
4	0	0.02	0	0.98	T
5	0	0.99	0.01	0	C
6	1	0	0	0	A
7	0.75	0.08	0.1	0.07	A
8	0.61	0.07	0.14	0.17	A
XX
DE	HepG2HepG2only_c3_0
1	0.14	0.03	0.71	0.12	G
2	0.21	0.08	0.61	0.1	G
3	0.83	0.07	0.03	0.08	A
4	0	0.99	0.01	0	C
5	0	0.02	0	0.98	T
6	0	0	0	1	T
7	0	0	0	1	T
8	0.01	0	0.99	0	G
9	0.23	0.2	0.24	0.32	N
10	0.4	0.24	0.11	0.26	N
11	0.18	0.59	0.07	0.16	N
XX
DE	HepG2HepG2only_c3_1
1	0.04	0.52	0.24	0.2	N
2	0	0.8	0.04	0.16	C
3	0.96	0	0.04	0	A
4	1	0	0	0	A
5	1	0	0	0	A
6	0	0	1	0	G
7	0	0	0	1	T
8	0.08	0.84	0	0.08	C
9	0.12	0.88	0	0	C
10	0.96	0.04	0	0	A
XX
DE	HepG2HepG2only_c4_0
1	0.24	0.2	0.15	0.42	N
2	0.09	0.49	0.13	0.29	N
3	0.05	0.01	0.01	0.93	T
4	0.01	0.05	0.89	0.05	G
5	0	0	0	1	T
6	0	0	1	0	G
7	0	0	0	1	T
8	0.42	0.04	0.29	0.26	N
9	0.18	0.3	0.03	0.49	N
10	0.63	0.06	0.18	0.13	A
11	0.14	0.42	0.13	0.31	N
XX
DE	HepG2HepG2only_c5_0
1	0.32	0.07	0.27	0.35	N
2	0.32	0.08	0.38	0.22	N
3	0	0.64	0.01	0.35	C
4	0.99	0	0	0.01	A
5	0.99	0	0	0	A
6	1	0	0	0	A
7	0	1	0	0	C
8	1	0	0	0	A
9	0.68	0.12	0.1	0.1	A
10	0.74	0.05	0.1	0.11	A
11	0.25	0.29	0.35	0.11	N
XX
DE	HepG2HepG2only_c6_0
1	0.21	0.1	0.08	0.62	T
2	0.15	0.13	0.09	0.63	T
3	0	0	0	1	T
4	0	0	1	0	G
5	0	0	0	1	T
6	0	0	0	1	T
7	0.01	0.96	0.01	0.01	C
8	0.66	0.09	0.02	0.23	A
XX
DE	HepG2HepG2only_c7_0
1	0.43	0.19	0.2	0.18	N
2	0.52	0.24	0.1	0.14	N
3	0.84	0	0.02	0.14	A
4	0	0	0.99	0.01	G
5	0	0	0	1	T
6	0.02	0.96	0.02	0	C
7	0.02	0.98	0	0	C
8	0.98	0	0.01	0.01	A
XX
DE	HepG2HepG2only_c8_0
1	0.46	0.42	0.08	0.04	M
2	0.86	0.06	0.04	0.04	A
3	0.92	0	0.07	0.01	A
4	0	0	1	0	G
5	0	0	1	0	G
6	0.01	0	0	0.99	T
7	0.04	0.89	0.02	0.05	C
8	0.61	0.24	0.05	0.1	A
XX
DE	HepG2HepG2only_c9_0
1	0.2	0.27	0.12	0.41	N
2	0.48	0.2	0.1	0.22	N
3	0.82	0.04	0.02	0.12	A
4	0.88	0.06	0.01	0.04	A
5	0	0	0	1	T
6	0.96	0	0.03	0	A
7	0	0	0	1	T
8	0	0	0.01	0.99	T
9	0	0	0.05	0.95	T
10	0.61	0.01	0.35	0.03	A
11	0.19	0.59	0.03	0.19	N
12	0.31	0.35	0.03	0.3	N
13	0.24	0.3	0.15	0.31	N
XX
DE	K562K562only_c0_0
1	0.34	0.07	0.41	0.18	N
2	0.18	0.2	0.55	0.08	N
3	0.99	0	0	0	A
4	0	0	1	0	G
5	1	0	0	0	A
6	0	0	0	1	T
7	1	0	0	0	A
8	0	0.03	0.68	0.28	G
XX
DE	K562K562only_c1_0
1	0.28	0.23	0.2	0.29	N
2	0.1	0.14	0.04	0.72	T
3	0	1	0	0	C
4	0	0	0	1	T
5	0	0	0	1	T
6	0	0.99	0	0	C
7	0.04	0.4	0	0.55	Y
8	0.21	0.19	0.1	0.49	N
XX
DE	K562K562only_c2_0
1	0.13	0.63	0.16	0.09	C
2	0.02	0.01	0.01	0.97	T
3	0	0	0.97	0.02	G
4	1	0	0	0	A
5	0	0	0	1	T
6	0.97	0.02	0	0	A
7	0.98	0	0.01	0.01	A
8	0.02	0.05	0.86	0.07	G
9	0.27	0.19	0.41	0.12	N
10	0.32	0.24	0.24	0.2	N
XX
DE	K562K562only_c3_0
1	0.34	0.13	0.03	0.5	W
2	0.82	0.09	0.07	0.02	A
3	0	0	0	1	T
4	0	1	0	0	C
5	0	0	0	1	T
6	0	1	0	0	C
7	0.01	0	0	0.99	T
8	0.14	0.46	0.21	0.19	N
XX
DE	K562K562only_c4_0
1	0.32	0.26	0.16	0.26	N
2	0.29	0.29	0.06	0.35	N
3	0.06	0.76	0.11	0.08	C
4	0.03	0.01	0.02	0.94	T
5	0	0.99	0	0.01	C
6	0	1	0	0	C
7	0.01	0.01	0	0.98	T
8	0.02	0.95	0	0.03	C
9	0.02	0.92	0.01	0.05	C
10	0.09	0.35	0.03	0.52	Y
11	0.22	0.42	0.09	0.26	N
XX
DE	K562K562only_c5_0
1	0.24	0.22	0.13	0.4	N
2	0.08	0.47	0.11	0.34	Y
3	0.04	0.91	0.02	0.02	C
4	0	0	0	0.99	T
5	0	0	0	1	T
6	1	0	0	0	A
7	0	0	0	1	T
8	0	1	0	0	C
9	0.05	0.01	0.01	0.92	T
10	0.1	0.49	0.19	0.21	N
11	0.19	0.31	0.07	0.43	N
XX
DE	K562K562only_c6_0
1	0.17	0.35	0.31	0.17	N
2	0.17	0.03	0.04	0.76	T
3	0	1	0	0	C
4	0	1	0	0	C
5	0	0	0	1	T
6	0	1	0	0	C
7	0.9	0	0.03	0.07	A
8	0.25	0.27	0.25	0.23	N
XX
DE	K562K562only_c8_0
1	0.3	0.53	0.09	0.09	M
2	0.68	0.02	0.02	0.28	A
3	0	1	0	0	C
4	0	0	0	1	T
5	0	1	0	0	C
6	0	0.99	0	0	C
7	0.15	0.45	0.03	0.37	Y
8	0.23	0.25	0.12	0.4	N
XX
DE	K562K562only_c9_0
1	0.37	0.15	0.37	0.12	N
2	0.38	0.02	0.34	0.27	N
3	0.13	0.01	0.82	0.04	G
4	1	0	0	0	A
5	0	1	0	0	C
6	1	0	0	0	A
7	0	0	0.99	0	G
8	0.62	0.14	0.08	0.16	A
XX
DE	HepG2_c0_0
1	0.32	0.11	0.46	0.1	N
2	0.38	0.02	0.17	0.43	W
3	0.03	0.02	0.74	0.21	G
4	0	0.37	0	0.63	T
5	0.96	0	0.03	0.01	A
6	0.98	0.01	0.01	0.01	A
7	0.98	0	0.01	0.01	A
8	0	0.96	0.01	0.03	C
9	0.91	0.02	0.01	0.06	A
10	0.12	0.22	0.34	0.32	N
11	0.32	0.1	0.2	0.37	N
XX
DE	HepG2_c1_0
1	0.14	0.05	0.08	0.73	T
2	0.07	0.03	0.84	0.06	G
3	0.45	0.07	0.47	0.01	R
4	0.84	0.11	0	0.04	A
5	0	0.99	0.01	0	C
6	0.02	0	0	0.98	T
7	0.02	0.01	0	0.97	T
8	0.02	0	0	0.98	T
9	0.01	0	0.97	0.01	G
10	0.28	0.25	0.19	0.28	N
11	0.41	0.23	0.1	0.26	N
XX
DE	HepG2_c3_0
1	0.09	0.37	0.07	0.48	Y
2	0.7	0.07	0.18	0.05	A
3	0.47	0.48	0.04	0	M
4	1	0	0	0	A
5	0	0.99	0	0	C
6	1	0	0	0	A
7	0	0.93	0.05	0.01	C
8	0.95	0	0.01	0.04	A
9	0.02	0.23	0.72	0.03	G
10	0.48	0.13	0.17	0.22	N
11	0.26	0.25	0.32	0.17	N
XX
DE	HepG2_c4_0
1	0.26	0.18	0.33	0.23	N
2	0.07	0.46	0.01	0.47	Y
3	0.79	0.02	0.08	0.11	A
4	0.84	0.04	0.01	0.11	A
5	0.98	0	0.02	0	A
6	0	1	0	0	C
7	1	0	0	0	A
8	0.99	0	0.01	0	A
9	0.99	0	0	0.01	A
10	0.02	0.61	0.35	0.02	C
11	0.48	0.2	0.14	0.17	N
XX
DE	HepG2_c5_0
1	0.66	0.07	0.14	0.13	A
2	0.03	0.91	0.03	0.04	C
3	1	0	0	0	A
4	0	1	0	0	C
5	1	0	0	0	A
6	1	0	0	0	A
7	0.92	0.03	0.03	0.02	A
8	0.05	0.37	0.55	0.03	S
XX
DE	HepG2_c6_0
1	0.16	0.61	0.07	0.16	C
2	0.66	0.15	0.12	0.07	A
3	0.83	0.05	0.07	0.05	A
4	0.83	0.01	0.11	0.06	A
5	0	0	0.99	0.01	G
6	0.02	0.02	0.92	0.04	G
7	0.02	0.02	0.02	0.95	T
8	0.04	0.91	0.03	0.02	C
9	0.8	0.06	0.05	0.1	A
10	0.53	0.15	0.18	0.14	N
11	0.46	0.19	0.16	0.2	N
XX
DE	HepG2_c7_0
1	0.19	0.22	0.45	0.14	N
2	0.04	0.62	0.3	0.04	C
3	0.04	0.42	0.47	0.06	S
4	0.04	0.48	0.48	0	S
5	0	1	0	0	C
6	0	0	1	0	G
7	0	0	1	0	G
8	0	0	1	0	G
9	0.11	0.59	0.22	0.08	S
10	0.23	0.29	0.27	0.21	N
11	0.1	0.35	0.37	0.18	N
XX
DE	HepG2_c8_0
1	0.23	0.14	0.19	0.44	N
2	0.12	0.31	0.21	0.35	N
3	0.03	0	0	0.96	T
4	0	0	1	0	G
5	1	0	0	0	A
6	0	0	1	0	G
7	0	1	0	0	C
8	0.26	0.34	0.08	0.32	N
XX
DE	HepG2_c9_0
1	0.16	0.5	0.14	0.19	N
2	0.13	0.04	0.07	0.76	T
3	0	0.02	0.98	0	G
4	0	0	0	1	T
5	0	0	0.98	0.01	G
6	0	0	0	1	T
7	0.95	0	0.04	0.01	A
8	0.54	0.23	0.05	0.17	N
9	0.71	0.06	0.04	0.19	A
10	0.15	0.31	0.16	0.38	N
XX
DE	GM12878GM12878only_c0_0
1	0.28	0.22	0.38	0.12	N
2	1	0	0	0	A
3	0	0	1	0	G
4	1	0	0	0	A
5	0	0	1	0	G
6	0.99	0	0	0.01	A
7	0.67	0.18	0.12	0.03	A
8	0.54	0.17	0.19	0.1	N
XX
DE	GM12878GM12878only_c1_0
1	0.1	0.69	0.08	0.13	C
2	0.9	0	0.02	0.08	A
3	0	0	1	0	G
4	1	0	0	0	A
5	1	0	0	0	A
6	0.96	0.01	0.03	0	A
7	0.01	0.83	0.14	0.03	C
8	0.15	0.57	0.07	0.21	N
XX
DE	GM12878GM12878only_c2_0
1	0.54	0.14	0.12	0.2	N
2	0.22	0.25	0.42	0.11	N
3	0	0	0	1	T
4	0	0	1	0	G
5	1	0	0	0	A
6	0	0	1	0	G
7	0.82	0	0.18	0.01	A
8	0.56	0.18	0.14	0.12	N
XX
DE	GM12878GM12878only_c3_0
1	0.24	0.14	0.44	0.17	N
2	0.12	0.03	0.14	0.71	T
3	0	0	1	0	G
4	0	0	1	0	G
5	0	0	1	0	G
6	0	0	1	0	G
7	0.73	0	0.22	0.05	A
8	0.57	0.23	0.07	0.13	M
XX
DE	GM12878GM12878only_c4_0
1	0.23	0.33	0.27	0.17	N
2	0.28	0.15	0.14	0.44	N
3	0.05	0.02	0.92	0.01	G
4	0.98	0.02	0.01	0	A
5	1	0	0	0	A
6	1	0	0	0	A
7	0	1	0	0	C
8	0	0.99	0	0.01	C
9	0.94	0.03	0.02	0.01	A
10	0.16	0.68	0.09	0.07	C
11	0.52	0.18	0.11	0.19	N
XX
DE	GM12878GM12878only_c5_0
1	0.39	0.2	0.25	0.16	N
2	0.22	0.13	0.25	0.4	N
3	0.06	0.03	0.91	0.01	G
4	0	0	0	1	T
5	0	0	1	0	G
6	0	0	0	1	T
7	0	0	1	0	G
8	0.15	0	0.83	0.02	G
9	0.13	0	0.25	0.62	T
10	0.26	0.25	0.27	0.22	N
11	0.3	0.17	0.2	0.32	N
XX
DE	GM12878GM12878only_c6_0
1	0.23	0.3	0.25	0.22	N
2	0.36	0.05	0.43	0.17	N
3	0	0.22	0.78	0	G
4	0	0	0	1	T
5	0	0	0	1	T
6	0	0	0	1	T
7	0	1	0	0	C
8	0.98	0	0.02	0	A
9	0	0.81	0.13	0.06	C
10	0.13	0.07	0.05	0.76	T
11	0.08	0.1	0.1	0.73	T
XX
DE	GM12878GM12878only_c7_0
1	0.29	0.16	0.36	0.18	N
2	0.2	0.29	0.36	0.15	N
3	0.62	0.25	0.02	0.11	A
4	0.27	0.03	0.01	0.7	T
5	0	0	0.99	0	G
6	0	0	0	1	T
7	0	0	1	0	G
8	0	0	1	0	G
9	0	0	0.1	0.9	T
10	0.38	0.36	0.16	0.1	N
11	0.24	0.24	0.16	0.36	N
XX
DE	GM12878GM12878only_c8_0
1	0.25	0.15	0.11	0.5	N
2	0.12	0.5	0.18	0.21	N
3	0.81	0.02	0.15	0.02	A
4	0	0.02	0.97	0.01	G
5	0.01	0	0.01	0.98	T
6	0	0.01	0.01	0.97	T
7	0	0.02	0	0.98	T
8	0	0.98	0	0.02	C
9	0.78	0.03	0.08	0.12	A
10	0.09	0.37	0.44	0.1	S
11	0.19	0.12	0.08	0.61	T
XX
DE	GM12878GM12878only_c9_0
1	0.38	0.32	0.08	0.21	N
2	0.3	0.2	0.18	0.32	N
3	0.16	0.8	0.01	0.02	C
4	0.96	0.01	0.02	0	A
5	1	0	0	0	A
6	1	0	0	0	A
7	0.99	0.01	0	0	A
8	0.29	0.49	0.09	0.13	N
9	0.02	0.66	0.13	0.19	C
10	0.28	0.38	0.16	0.17	N
11	0.49	0.24	0.17	0.11	N
XX
DE	HelaHuvec_c0_0
1	0.28	0.13	0.32	0.26	N
2	0.29	0.15	0.24	0.32	N
3	0.24	0.26	0.05	0.45	N
4	0.83	0.05	0.1	0.02	A
5	0.02	0	0.02	0.96	T
6	0	0.02	0.98	0	G
7	1	0	0	0	A
8	0.65	0	0.02	0.33	A
9	0.01	0.01	0	0.98	T
10	0.07	0.75	0.09	0.09	C
11	0.71	0.11	0.04	0.14	A
XX
DE	HelaHuvec_c1_0
1	0.3	0.2	0.21	0.3	N
2	0.58	0.14	0.09	0.19	N
3	0.27	0.1	0.19	0.45	N
4	0.21	0.06	0.07	0.67	T
5	0.98	0.01	0	0	A
6	1	0	0	0	A
7	0	0.02	0	0.98	T
8	0.99	0.01	0	0	A
9	0.63	0.02	0.03	0.32	A
10	0.43	0.15	0.1	0.32	N
11	0.38	0.19	0.12	0.31	N
XX
DE	HelaHuvec_c2_0
1	0.44	0.42	0.09	0.05	M
2	0.95	0	0.01	0.04	A
3	0	0	1	0	G
4	0	0	1	0	G
5	1	0	0	0	A
6	1	0	0	0	A
7	0.35	0	0.04	0.6	T
8	0.19	0.31	0.25	0.25	N
XX
DE	HelaHuvec_c3_0
1	0.38	0.22	0.19	0.21	N
2	0.04	0	0.01	0.95	T
3	0	0	1	0	G
4	0	1	0	0	C
5	0	1	0	0	C
6	1	0	0	0	A
7	0.71	0.01	0.24	0.03	A
8	0.33	0.12	0.38	0.17	N
XX
DE	HelaHuvec_c4_0
1	0.29	0.12	0.36	0.23	N
2	0.3	0.17	0.3	0.24	N
3	0.96	0.01	0.03	0	A
4	1	0	0	0	A
5	0	0	0	1	T
6	0	0	0	0.99	T
7	0.89	0.07	0.02	0.01	A
8	0.44	0.21	0.14	0.21	N
9	0.22	0.08	0.13	0.58	N
10	0.24	0.3	0.21	0.24	N
XX
DE	HelaHuvec_c5_0
1	0.32	0.07	0.53	0.08	R
2	0.03	0.09	0.56	0.32	K
3	0.96	0.01	0.03	0	A
4	1	0	0	0	A
5	1	0	0	0	A
6	1	0	0	0	A
7	0.98	0.01	0	0	A
8	0.3	0.2	0.08	0.42	N
XX
DE	HelaHuvec_c6_0
1	0.44	0.16	0.33	0.07	N
2	0.02	0.01	0.03	0.95	T
3	0	0	0.96	0.04	G
4	1	0	0	0	A
5	0	0.47	0.53	0	S
6	0	0	0	1	T
7	0.01	0.99	0	0	C
8	1	0	0	0	A
9	0	0.09	0.05	0.86	T
10	0.55	0.02	0.2	0.23	N
11	0.39	0.25	0.12	0.24	N
12	0.27	0.29	0.15	0.28	N
13	0.24	0.29	0.16	0.31	N
XX
DE	HelaHuvec_c8_0
1	0.86	0	0.01	0.13	A
2	0.01	0	0	0.98	T
3	0	0	0	1	T
4	0	0	0	1	T
5	0	1	0	0	C
6	0	1	0	0	C
7	0.1	0.08	0.01	0.81	T
8	0.16	0.16	0.38	0.31	N
XX
DE	HelaHuvec_c9_0
1	0.15	0.07	0.27	0.51	N
2	0.37	0.04	0.07	0.52	W
3	0.01	0	0	0.98	T
4	1	0	0	0	A
5	0	0	0	1	T
6	0.09	0.2	0.71	0	G
7	0.78	0.14	0.03	0.04	A
8	0.17	0.21	0.21	0.41	N
XX
DE	SharednotGM12878_c0_0
1	0.24	0.19	0.44	0.14	N
2	0.51	0.17	0.2	0.12	N
3	0.42	0.22	0.25	0.1	N
4	1	0	0	0	A
5	1	0	0	0	A
6	1	0	0	0	A
7	0.96	0.03	0	0	A
8	0.9	0.02	0.09	0	A
9	0.09	0.47	0.22	0.22	N
10	0.32	0.27	0.09	0.32	N
11	0.32	0.24	0.29	0.15	N
XX
DE	SharednotGM12878_c2_0
1	0.29	0.34	0.28	0.09	N
2	0.18	0.09	0.12	0.61	T
3	0.13	0.11	0.73	0.02	G
4	1	0	0	0	A
5	0	0.98	0.02	0	C
6	0	0	0	1	T
7	0	1	0	0	C
8	0.76	0.09	0.08	0.08	A
XX
DE	SharednotGM12878_c3_0
1	0.1	0.43	0.35	0.11	N
2	0.8	0.1	0	0.1	A
3	0	0	1	0	G
4	0	0	1	0	G
5	0	0	1	0	G
6	0.02	0	0.98	0	G
7	0.16	0.24	0.5	0.1	N
8	0.25	0.37	0.24	0.14	N
XX
DE	SharednotGM12878_c4_0
1	0.13	0.31	0.21	0.34	N
2	0.01	0.97	0.01	0.01	C
3	0	1	0	0	C
4	0	0	0	1	T
5	0	0	0	1	T
6	0.01	0	0.01	0.98	T
7	0.15	0.28	0.32	0.24	N
8	0.17	0.38	0.21	0.24	N
XX
DE	SharednotGM12878_c5_0
1	0.17	0.34	0.4	0.09	N
2	0.1	0.76	0.07	0.07	C
3	0.99	0.01	0	0	A
4	0	0	1	0	G
5	1	0	0	0	A
6	0	0.01	0.99	0	G
7	0.2	0.12	0.59	0.08	N
8	0.13	0.31	0.42	0.14	N
XX
DE	SharednotGM12878_c6_0
1	0.21	0.26	0.34	0.19	N
2	0.07	0.47	0.36	0.1	S
3	0	1	0	0	C
4	0.99	0	0	0.01	A
5	0	0	1	0	G
6	0	0	1	0	G
7	0.1	0.48	0.26	0.16	N
8	0.27	0.31	0.12	0.3	N
XX
DE	SharednotGM12878_c7_0
1	0.18	0.44	0.18	0.21	N
2	0.38	0.03	0.14	0.46	W
3	0	0	1	0	G
4	0	0	1	0	G
5	1	0	0	0	A
6	0.99	0	0	0.01	A
7	0.34	0.13	0.13	0.4	N
8	0.18	0.2	0.32	0.29	N
XX
DE	SharednotGM12878_c8_0
1	0.21	0.4	0.27	0.13	N
2	0.47	0.11	0.18	0.23	N
3	0	0	1	0	G
4	0	0	1	0	G
5	1	0	0	0	A
6	0	0	0.99	0.01	G
7	0.13	0.41	0.41	0.05	S
8	0.13	0.41	0.24	0.21	N
XX
DE	SharednotGM12878_c9_0
1	0.12	0.5	0.33	0.04	S
2	0.56	0.2	0.1	0.13	N
3	0.09	0.44	0.46	0	S
4	1	0	0	0	A
5	0	0	1	0	G
6	0	1	0	0	C
7	0.14	0.08	0.05	0.73	T
8	0.11	0.12	0.54	0.23	N
XX
DE	GM12878K562_c0_0
1	0.31	0.29	0.26	0.15	N
2	0.68	0.1	0.09	0.13	A
3	1	0	0	0	A
4	1	0	0	0	A
5	0	1	0	0	C
6	0	1	0	0	C
7	0.75	0.1	0.06	0.09	A
8	0.29	0.21	0.3	0.2	N
XX
DE	GM12878K562_c1_0
1	0.2	0.33	0.29	0.18	N
2	0.44	0.03	0.12	0.41	W
3	0	0	1	0	G
4	1	0	0	0	A
5	1	0	0	0	A
6	1	0	0	0	A
7	0.02	0.73	0.21	0.03	C
8	0.31	0.15	0.2	0.34	N
XX
DE	GM12878K562_c2_0
1	0.44	0.16	0.2	0.2	N
2	1	0	0	0	A
3	1	0	0	0	A
4	1	0	0	0	A
5	1	0	0	0	A
6	1	0	0	0	A
7	0.16	0.26	0.35	0.23	N
8	0.2	0.22	0.54	0.05	N
XX
DE	GM12878K562_c3_0
1	0.29	0.21	0.16	0.35	N
2	0.48	0.17	0.25	0.11	N
3	0.98	0.01	0.01	0.01	A
4	0	1	0	0	C
5	0	1	0	0	C
6	1	0	0	0	A
7	0	1	0	0	C
8	0.77	0.08	0.06	0.09	A
XX
DE	GM12878K562_c5_0
1	0.1	0.57	0.15	0.18	N
2	0.04	0.25	0.07	0.64	T
3	0	0	0	0.99	T
4	0	1	0	0	C
5	0	0.94	0	0.06	C
6	0	0.02	0	0.97	T
7	0.01	0.88	0.05	0.06	C
8	0.28	0.27	0.03	0.42	N
XX
DE	GM12878K562_c6_0
1	0	0.66	0.2	0.14	C
2	0	0.99	0	0.01	C
3	0	1	0	0	C
4	0.98	0.02	0	0	A
5	0	1	0	0	C
6	0.76	0.1	0.04	0.09	A
7	0.1	0.35	0.36	0.19	N
8	0.3	0.33	0.2	0.17	N
XX
DE	GM12878K562_c7_0
1	0.15	0.2	0.14	0.51	N
2	0	0.99	0.01	0	C
3	1	0	0	0	A
4	0	1	0	0	C
5	0	0.01	0	0.99	T
6	0.02	0.1	0.01	0.86	T
7	0.13	0.5	0.19	0.18	N
8	0.19	0.37	0.16	0.28	N
XX
DE	GM12878K562_c8_0
1	0.23	0.35	0.26	0.16	N
2	0.75	0.03	0	0.22	A
3	0	0	1	0	G
4	1	0	0	0	A
5	0	0	0	1	T
6	1	0	0	0	A
7	0.73	0.04	0.18	0.05	A
8	0.23	0.22	0.42	0.14	N
XX
DE	GM12878K562_c9_0
1	0.34	0.15	0.21	0.3	N
2	0.06	0.4	0.36	0.18	N
3	0.01	0	0.01	0.98	T
4	0	0	0	1	T
5	0	0	0.99	0	G
6	0	0	0	1	T
7	0.21	0.19	0.51	0.09	N
8	0.35	0.13	0.24	0.29	N
XX
DE	K562_c0_0
1	0.65	0.04	0.27	0.04	A
2	0.81	0	0.19	0	A
3	0.97	0.01	0	0.02	A
4	0.86	0	0	0.14	A
5	1	0	0	0	A
6	1	0	0	0	A
7	1	0	0	0	A
8	0.9	0	0.09	0	A
9	0.95	0.02	0	0.02	A
10	0.73	0.01	0.1	0.15	A
11	0.87	0.03	0.09	0.01	A
12	0.66	0.01	0.03	0.29	A
13	0.26	0.08	0.6	0.06	R
XX
DE	K562_c1_0
1	0.55	0.05	0.15	0.25	N
2	0.13	0.07	0.77	0.04	G
3	0.91	0.01	0.02	0.05	A
4	0	0	0.99	0	G
5	0.99	0	0	0	A
6	0	0	0	0.99	T
7	1	0	0	0	A
8	1	0	0	0	A
9	0.02	0	0.98	0	G
10	0.31	0.2	0.4	0.1	N
XX
DE	K562_c2_0
1	0.3	0.42	0.15	0.13	N
2	0	0	0	0.99	T
3	1	0	0	0	A
4	1	0	0	0	A
5	0	0	0	1	T
6	0	0.99	0	0.01	C
7	0.51	0.18	0.02	0.28	N
8	0.09	0.31	0.43	0.17	N
XX
DE	K562_c3_0
1	0.28	0.1	0.4	0.22	N
2	0.3	0.03	0.54	0.14	R
3	0.1	0	0.88	0.02	G
4	0	0	1	0	G
5	1	0	0	0	A
6	0	0	1	0	G
7	1	0	0	0	A
8	0	0	0.01	0.99	T
9	0.98	0	0.01	0.01	A
10	0.51	0.12	0.22	0.15	N
11	0.26	0.19	0.37	0.18	N
XX
DE	K562_c4_0
1	0.22	0.2	0.19	0.39	N
2	0.24	0.34	0.19	0.22	N
3	0.26	0.36	0.13	0.25	N
4	0.05	0.94	0	0.01	C
5	0	0	0	1	T
6	0.99	0.01	0	0	A
7	0	0	0	1	T
8	0	1	0	0	C
9	0.07	0.04	0	0.9	T
10	0.11	0.65	0.12	0.12	C
11	0.4	0.19	0.13	0.29	N
XX
DE	K562_c5_0
1	0.26	0.18	0.34	0.22	N
2	0.05	0.92	0.02	0.01	C
3	0.01	0	0	0.99	T
4	0	0	0.99	0.01	G
5	0.99	0	0	0	A
6	0	0.01	0.01	0.99	T
7	0.98	0.01	0.01	0.01	A
8	0.97	0	0.01	0.02	A
9	0.04	0.06	0.85	0.05	G
10	0.24	0.24	0.35	0.16	N
XX
DE	K562_c6_0
1	0.24	0.37	0.18	0.21	N
2	0.81	0.04	0.05	0.1	A
3	0.04	0.19	0.75	0.01	G
4	0.99	0	0	0.01	A
5	0	0	1	0	G
6	1	0	0	0	A
7	0	0	0	1	T
8	1	0	0	0	A
9	0.97	0.01	0.01	0.01	A
10	0.35	0.25	0.23	0.17	N
11	0.41	0.18	0.24	0.17	N
XX
DE	K562_c7_0
1	0.31	0.12	0.4	0.17	N
2	0.27	0.31	0.35	0.07	N
3	0.99	0	0	0	A
4	0	0	0.99	0	G
5	1	0	0	0	A
6	0	0	1	0	G
7	0.99	0	0	0	A
8	0	0	0.96	0.04	G
9	0.96	0	0.01	0.03	A
10	0.11	0.05	0.35	0.48	K
11	0.44	0.07	0.29	0.2	N
XX
DE	K562_c8_0
1	0.24	0.15	0.28	0.32	N
2	0.46	0.32	0.1	0.13	N
3	0.99	0	0.01	0	A
4	0.01	0	0.99	0	G
5	0.99	0	0	0.01	A
6	0	0	1	0	G
7	0.87	0	0.04	0.09	A
8	0.07	0.01	0.16	0.77	T
9	0.71	0.05	0.12	0.12	A
10	0.18	0.21	0.32	0.3	N
XX
DE	H1hESCH1hESConly_c0_0
1	0.42	0.25	0.21	0.12	N
2	0.26	0.57	0.09	0.07	M
3	1	0	0	0	A
4	1	0	0	0	A
5	1	0	0	0	A
6	0	0.01	0.99	0	G
7	0.49	0.49	0.01	0.01	M
8	0.32	0.36	0.2	0.12	N
XX
DE	H1hESCH1hESConly_c2_0
1	0.29	0.32	0.2	0.19	N
2	0.43	0.04	0.2	0.32	N
3	0.02	0.02	0.87	0.08	G
4	0	0	1	0	G
5	0.98	0.02	0	0	A
6	1	0	0	0	A
7	0	0	0	1	T
8	0.03	0.02	0.64	0.31	G
9	0.03	0.71	0.18	0.07	C
10	0.47	0.22	0.22	0.09	N
11	0.3	0.2	0.3	0.2	N
XX
DE	H1hESCH1hESConly_c3_0
1	0.29	0.29	0.22	0.2	N
2	0.2	0.11	0.13	0.57	N
3	0	0	1	0	G
4	0	1	0	0	C
5	0	1	0	0	C
6	0	0	0	1	T
7	0.05	0.67	0.24	0.04	C
8	0.35	0.43	0.08	0.14	N
XX
DE	H1hESCH1hESConly_c4_0
1	0.39	0.13	0.35	0.13	N
2	0.02	0.01	0.96	0.01	G
3	0	0	1	0	G
4	1	0	0	0	A
5	0	0	0.99	0	G
6	0.03	0.94	0.02	0.01	C
7	0.1	0.51	0.12	0.27	N
8	0.15	0.44	0.17	0.24	N
XX
DE	H1hESCH1hESConly_c5_0
1	0.35	0.12	0.33	0.2	N
2	0.11	0.66	0.16	0.06	C
3	0	1	0	0	C
4	0	1	0	0	C
5	0	1	0	0	C
6	0	1	0	0	C
7	0.15	0.01	0	0.84	T
8	0.17	0.18	0.4	0.25	N
XX
DE	H1hESCH1hESConly_c6_0
1	0.23	0.4	0.22	0.14	N
2	0.85	0.1	0.02	0.03	A
3	1	0	0	0	A
4	0.98	0	0.01	0	A
5	0	0	1	0	G
6	0	0	1	0	G
7	0.44	0.15	0.3	0.11	N
8	0.31	0.15	0.33	0.21	N
XX
DE	H1hESCH1hESConly_c7_0
1	0.07	0.75	0.03	0.15	C
2	0.01	0.93	0.01	0.05	C
3	0	0.99	0	0.01	C
4	0	1	0	0	C
5	0	0	0	1	T
6	0.01	0.96	0.01	0.02	C
7	0.17	0.66	0.03	0.14	C
8	0.1	0.45	0.15	0.31	N
XX
DE	H1hESCH1hESConly_c8_0
1	0.16	0.46	0.15	0.24	N
2	0.68	0.05	0.02	0.25	A
3	0	0	1	0	G
4	0	1	0	0	C
5	1	0	0	0	A
6	0	0	1	0	G
7	0.05	0.36	0.56	0.02	S
8	0.15	0.16	0.34	0.34	N
XX
DE	H1hESCH1hESConly_c9_0
1	0.23	0.23	0.38	0.17	N
2	0.23	0.21	0.39	0.17	N
3	0.19	0.46	0.1	0.25	N
4	0.38	0.24	0.28	0.1	N
5	0	1	0	0	C
6	0	1	0	0	C
7	0.07	0	0	0.92	T
8	0	0	1	0	G
9	0.04	0.1	0.87	0	G
10	0.17	0.28	0.48	0.07	N
11	0.23	0.23	0.32	0.22	N
XX
DE	HuvecHuveconly_c0_0
1	0.41	0.09	0.29	0.21	N
2	0.32	0.04	0.52	0.13	R
3	0.13	0.02	0.82	0.03	G
4	0.48	0.01	0.51	0	R
5	1	0	0	0	A
6	1	0	0	0	A
7	1	0	0	0	A
8	0	0.99	0	0.01	C
9	0.99	0	0	0.01	A
10	0.58	0.09	0.12	0.21	N
11	0.3	0.13	0.13	0.43	N
XX
DE	HuvecHuveconly_c1_0
1	0.32	0.18	0.28	0.22	N
2	0.51	0.09	0.16	0.24	N
3	0.19	0.02	0.71	0.09	G
4	0.76	0.07	0.05	0.12	A
5	1	0	0	0	A
6	0	0.99	0	0	C
7	1	0	0	0	A
8	0.94	0.02	0.02	0.02	A
9	0.03	0	0	0.97	T
10	0.34	0.01	0.31	0.33	N
11	0.3	0.18	0.37	0.15	N
XX
DE	HuvecHuveconly_c2_0
1	0.07	0.01	0.6	0.32	G
2	0.04	0.08	0.64	0.24	G
3	0.94	0	0	0.06	A
4	0	0	0	1	T
5	1	0	0	0	A
6	0.1	0.14	0	0.77	T
7	0.42	0.11	0.26	0.21	N
8	0.53	0.09	0.16	0.22	N
XX
DE	HuvecHuveconly_c4_0
1	0.46	0.18	0.13	0.22	N
2	0.11	0.04	0.07	0.78	T
3	0	0	1	0	G
4	0	0	1	0	G
5	1	0	0	0	A
6	1	0	0	0	A
7	0.97	0	0.01	0.01	A
8	0.32	0.23	0.16	0.29	N
XX
DE	HuvecHuveconly_c5_0
1	0.29	0.21	0.24	0.26	N
2	0.42	0.05	0.19	0.34	N
3	0.1	0.01	0.86	0.02	G
4	0.06	0	0.81	0.12	G
5	0.99	0	0	0	A
6	0.97	0.01	0	0.02	A
7	0.99	0	0.01	0.01	A
8	0.96	0.01	0	0.02	A
9	0.87	0	0.01	0.12	A
10	0.44	0.04	0.06	0.45	W
11	0.41	0.14	0.2	0.25	N
12	0.43	0.12	0.15	0.29	N
13	0.43	0.18	0.14	0.25	N
XX
DE	HuvecHuveconly_c6_0
1	0.03	0.39	0.03	0.55	Y
2	0.01	0.01	0	0.98	T
3	0	0.01	0	0.99	T
4	0	1	0	0	C
5	0	0.99	0	0	C
6	0	0	0	1	T
7	0	0.02	0.03	0.95	T
8	0.01	0.91	0.01	0.08	C
9	0	0.93	0	0.06	C
10	0.1	0.17	0.02	0.71	T
11	0.13	0.31	0.2	0.36	N
XX
DE	HuvecHuveconly_c7_0
1	0.55	0.12	0.2	0.12	N
2	0.91	0.02	0.04	0.03	A
3	0	0	1	0	G
4	0	0	1	0	G
5	1	0	0	0	A
6	1	0	0	0	A
7	1	0	0	0	A
8	0.17	0.01	0.01	0.81	T
XX
DE	HuvecHuveconly_c8_0
1	0.31	0.23	0.09	0.37	N
2	0.14	0.54	0.11	0.22	N
3	0	0.15	0	0.85	T
4	0	0	0	1	T
5	0	0	1	0	G
6	0	0	1	0	G
7	0	1	0	0	C
8	0.73	0.07	0.01	0.19	A
XX
DE	HuvecHuveconly_c9_0
1	0.7	0.09	0.13	0.08	A
2	0.18	0.8	0.01	0.01	C
3	1	0	0	0	A
4	0	0	1	0	G
5	0	0	1	0	G
6	1	0	0	0	A
7	1	0	0	0	A
8	0.87	0.03	0.1	0.01	A
XX
DE	HuvecHuveconly_c9_1
1	0.2	0.16	0.4	0.24	N
2	0	0.28	0	0.72	T
3	0	0	0	1	T
4	0	0	0	1	T
5	0	1	0	0	C
6	0	1	0	0	C
7	0	0	0	1	T
8	0	0.12	0.36	0.52	K
XX
DE	H1hESC_c0_0
1	0.23	0.29	0.27	0.22	N
2	0.44	0.2	0.22	0.14	N
3	0.13	0.21	0.58	0.08	N
4	0.38	0.14	0.39	0.09	N
5	0.22	0.16	0.4	0.23	N
6	0.08	0.09	0.83	0	G
7	0	0	1	0	G
8	0	1	0	0	C
9	0	0	1	0	G
10	0	0.97	0.02	0	C
11	0.05	0.71	0.08	0.17	C
12	0.22	0.25	0.31	0.23	N
13	0.14	0.29	0.33	0.23	N
XX
DE	H1hESC_c1_0
1	0.29	0.32	0.17	0.22	N
2	0.7	0.04	0.09	0.17	A
3	0.09	0	0.83	0.08	G
4	0	0	1	0	G
5	0	0	1	0	G
6	0	0	1	0	G
7	0.01	0	0	0.99	T
8	0.07	0.66	0.16	0.1	C
9	0.25	0.25	0.25	0.24	N
10	0.15	0.25	0.41	0.19	N
XX
DE	H1hESC_c2_0
1	0.22	0.21	0.44	0.13	N
2	0.14	0.38	0.34	0.14	N
3	0.84	0.02	0.02	0.12	A
4	0.03	0	0.96	0	G
5	0.01	0	0.99	0	G
6	0	0	1	0	G
7	0	0	1	0	G
8	0	0	1	0	G
9	0.03	0.04	0.43	0.5	K
10	0.2	0.24	0.33	0.23	N
11	0.22	0.17	0.4	0.21	N
XX
DE	H1hESC_c3_0
1	0.49	0.09	0.17	0.26	N
2	0	0	1	0	G
3	0	0	1	0	G
4	1	0	0	0	A
5	1	0	0	0	A
6	0	0	0	1	T
7	0.04	0.11	0.56	0.3	K
8	0.08	0.53	0.27	0.13	N
XX
DE	H1hESC_c4_0
1	0.12	0.2	0.54	0.14	N
2	0.97	0	0.01	0.01	A
3	0	0	1	0	G
4	0	0	1	0	G
5	0	0	1	0	G
6	0	0	1	0	G
7	0.7	0.02	0.28	0.01	A
8	0.51	0.08	0.3	0.12	R
XX
DE	H1hESC_c5_0
1	0.17	0.3	0.38	0.15	N
2	0.01	0.87	0	0.12	C
3	1	0	0	0	A
4	0	1	0	0	C
5	0	1	0	0	C
6	0	0	0	1	T
7	0.07	0.01	0.91	0	G
8	0.37	0.41	0.16	0.06	N
XX
DE	H1hESC_c6_0
1	0.28	0.22	0.33	0.17	N
2	0.23	0.16	0.46	0.14	N
3	0.09	0.2	0.6	0.1	S
4	1	0	0	0	A
5	0	0	1	0	G
6	0	0	1	0	G
7	0	0	1	0	G
8	0	0	1	0	G
9	0	0.54	0.46	0	S
10	0.12	0.61	0.09	0.18	C
11	0.17	0.21	0.41	0.21	N
XX
DE	H1hESC_c7_0
1	0.4	0.45	0.11	0.04	M
2	0.55	0.04	0.34	0.06	R
3	0	0	1	0	G
4	0	0.99	0	0.01	C
5	1	0	0	0	A
6	0	0	1	0	G
7	0.01	0.12	0.85	0.02	G
8	0.11	0.22	0.34	0.33	N
XX
DE	H1hESC_c9_0
1	0.39	0.17	0.18	0.26	N
2	0.08	0.53	0.1	0.29	Y
3	0	0.99	0	0.01	C
4	0	1	0	0	C
5	0	1	0	0	C
6	0	0	0	1	T
7	0	1	0	0	C
8	0.13	0.6	0.1	0.17	N
XX
DE	Huvec_c1_0
1	0.29	0.37	0.16	0.18	N
2	0.36	0.02	0.13	0.49	W
3	0.01	0.02	0.96	0.01	G
4	0.02	0.87	0.11	0	C
5	0.01	0.99	0	0	C
6	0.99	0	0	0.01	A
7	0	0.01	0.98	0	G
8	0.11	0.24	0.61	0.03	G
9	0.72	0.08	0.05	0.15	A
10	0.67	0.04	0.14	0.15	A
XX
DE	Huvec_c2_0
1	0.21	0.34	0.17	0.28	N
2	0.38	0.2	0.21	0.21	N
3	0	0.02	0	0.97	T
4	0	0	0	1	T
5	0	0	0	1	T
6	0	1	0	0	C
7	0	1	0	0	C
8	0	0	0	1	T
9	0.01	0.96	0.03	0.01	C
10	0.26	0.13	0.11	0.5	N
11	0.21	0.19	0.35	0.25	N
12	0.26	0.12	0.45	0.17	N
13	0.26	0.25	0.33	0.16	N
XX
DE	Huvec_c3_0
1	0.5	0.21	0.12	0.17	N
2	1	0	0	0	A
3	0	1	0	0	C
4	1	0	0	0	A
5	1	0	0	0	A
6	0	0	0	1	T
7	0.14	0.02	0.07	0.77	T
8	0.31	0.17	0.31	0.2	N
XX
DE	Huvec_c4_0
1	0.04	0.01	0	0.95	T
2	0	0	0	1	T
3	0	1	0	0	C
4	0	1	0	0	C
5	0	0	0	1	T
6	0	0.01	0.08	0.9	T
7	0	0.69	0.03	0.28	C
8	0.04	0.83	0	0.13	C
9	0.02	0.25	0.04	0.7	T
XX
DE	Huvec_c5_0
1	0.46	0.31	0.12	0.1	N
2	0.45	0.48	0.05	0.02	M
3	0.99	0	0	0	A
4	0	0	1	0	G
5	0	0	1	0	G
6	1	0	0	0	A
7	1	0	0	0	A
8	1	0	0	0	A
XX
DE	Huvec_c6_0
1	0.22	0.23	0.34	0.21	N
2	0.35	0.35	0.13	0.17	N
3	0.24	0.73	0.01	0.01	C
4	0.88	0.06	0	0.06	A
5	0	0	1	0	G
6	0	0	1	0	G
7	1	0	0	0	A
8	0.02	0	0	0.97	T
9	0.67	0.08	0.22	0.03	A
10	0.18	0.19	0.09	0.54	N
11	0.19	0.21	0.36	0.24	N
XX
DE	Huvec_c7_0
1	0.05	0.76	0.07	0.12	C
2	0	0.01	0	0.99	T
3	0	0	0	1	T
4	0	0	1	0	G
5	0	0	1	0	G
6	0	1	0	0	C
7	0.91	0.07	0.01	0.01	A
8	0.15	0.44	0.24	0.17	N
XX
DE	Huvec_c8_0
1	0.3	0.38	0.12	0.2	N
2	0.83	0	0.16	0.01	A
3	0	0	1	0	G
4	0	1	0	0	C
5	0	1	0	0	C
6	1	0	0	0	A
7	0.94	0	0.06	0	A
8	0.15	0.06	0.73	0.05	G
XX
DE	Huvec_c9_0
1	0.79	0.07	0.08	0.05	A
2	0.82	0.07	0.05	0.07	A
3	0.12	0.87	0.01	0	C
4	1	0	0	0	A
5	0	0	1	0	G
6	0	0	1	0	G
7	1	0	0	0	A
8	1	0	0	0	A
9	0.98	0	0.02	0	A
10	0.36	0.31	0.09	0.25	N
11	0.4	0.25	0.19	0.16	N
XX
DE	K562H1hESC_c0_0
1	0.27	0.29	0.2	0.24	N
2	0.1	0.45	0.16	0.29	N
3	0	0	0.01	0.99	T
4	0	1	0	0	C
5	0	1	0	0	C
6	0	0	0	1	T
7	0.02	0	0	0.98	T
8	0.26	0.24	0.3	0.2	N
XX
DE	K562H1hESC_c2_0
1	0.18	0.39	0.18	0.26	N
2	0	0.97	0	0.02	C
3	0	0	0	1	T
4	0	0.99	0.01	0	C
5	0	1	0	0	C
6	0.01	0	0.01	0.98	T
7	0.14	0.35	0.48	0.03	S
8	0.19	0.36	0.21	0.24	N
XX
DE	K562H1hESC_c3_0
1	0.38	0.15	0.22	0.26	N
2	0.07	0.06	0.81	0.06	G
3	0	0	1	0	G
4	0	0	1	0	G
5	0.02	0	0.98	0	G
6	0	0	1	0	G
7	0.72	0	0	0.28	A
8	0.06	0.12	0.74	0.09	G
XX
DE	K562H1hESC_c4_0
1	0.42	0.08	0.31	0.18	N
2	0	0.01	0.98	0.01	G
3	1	0	0	0	A
4	0	0	1	0	G
5	0	0	1	0	G
6	0	0	0.99	0.01	G
7	0.3	0.26	0.29	0.14	N
8	0.36	0.15	0.34	0.14	N
XX
DE	K562H1hESC_c7_0
1	0.43	0.25	0.14	0.17	N
2	0.31	0.04	0.58	0.08	R
3	0	0	0.99	0.01	G
4	0	0	1	0	G
5	0	0.01	0.99	0	G
6	0	0.1	0.86	0.05	G
7	0.03	0.91	0.01	0.06	C
8	0.23	0.16	0.34	0.26	N
XX
DE	K562H1hESC_c8_0
1	0.34	0.11	0.4	0.15	N
2	0	0	1	0	G
3	0	0	0	1	T
4	0	0	1	0	G
5	0	0	1	0	G
6	0.01	0.02	0.97	0	G
7	0.34	0.15	0.32	0.18	N
8	0.29	0.19	0.39	0.14	N
XX
DE	SharednotHuvec_c0_0
1	0.34	0.28	0.27	0.12	N
2	0.31	0.18	0.42	0.09	N
3	0.25	0	0.75	0	G
4	0	0	1	0	G
5	0	0.07	0.93	0	G
6	0	0	0.99	0.01	G
7	0	1	0	0	C
8	0.12	0.24	0.5	0.14	N
XX
DE	SharednotHuvec_c1_0
1	0.12	0.3	0.28	0.3	N
2	0.26	0.58	0.04	0.13	M
3	0	1	0	0	C
4	1	0	0	0	A
5	0	0	1	0	G
6	0	1	0	0	C
7	0.46	0.36	0.11	0.07	M
8	0.23	0.24	0.26	0.27	N
XX
DE	SharednotHuvec_c3_0
1	0.15	0.35	0.2	0.3	N
2	0.08	0.31	0.34	0.26	N
3	0.01	0.99	0	0	C
4	0	0	0	1	T
5	0	1	0	0	C
6	0	0	0	1	T
7	0	0.02	0.94	0.04	G
8	0.2	0.31	0.34	0.15	N
XX
DE	SharednotHuvec_c4_0
1	0.21	0.38	0.28	0.13	N
2	0.36	0.1	0.16	0.39	N
3	0	0	1	0	G
4	0	0	1	0	G
5	1	0	0	0	A
6	0	0	1	0	G
7	0.15	0.38	0.42	0.05	S
8	0.28	0.25	0.31	0.16	N
XX
DE	SharednotHuvec_c6_0
1	0.16	0.24	0.33	0.27	N
2	0.13	0.44	0.29	0.13	N
3	0.08	0.9	0	0.01	C
4	1	0	0	0	A
5	0	0	1	0	G
6	0	0	1	0	G
7	0	0.97	0	0.03	C
8	0.32	0.28	0.13	0.27	N
XX
DE	SharednotHuvec_c7_0
1	0.23	0.43	0.22	0.13	N
2	0.28	0.14	0.15	0.43	N
3	0.08	0.28	0.52	0.12	S
4	0	1	0	0	C
5	0	0	0	1	T
6	0	0	1	0	G
7	0	1	0	0	C
8	0.17	0.43	0.06	0.34	N
XX
DE	SharednotHuvec_c9_0
1	0.32	0.21	0.31	0.16	N
2	0.53	0.06	0.32	0.09	R
3	0.01	0	0.98	0	G
4	0	0	1	0	G
5	0	0	1	0	G
6	0	0	1	0	G
7	0.62	0.06	0	0.32	A
8	0.21	0.33	0.38	0.07	N
XX
DE	Hela_c0_0
1	0.57	0.21	0.07	0.14	N
2	0.4	0.05	0.07	0.47	W
3	0	0	0	1	T
4	0.03	0	0.97	0	G
5	0	1	0	0	C
6	0.05	0.94	0	0	C
7	0.1	0.89	0	0	C
8	0.27	0.3	0.04	0.39	N
XX
DE	Hela_c1_0
1	0.18	0.1	0.5	0.21	N
2	0.24	0.37	0.06	0.34	N
3	0.98	0.01	0.01	0	A
4	0	0	0	1	T
5	0	0	1	0	G
6	1	0	0	0	A
7	0	0.58	0.42	0	S
8	0	0	0	0.99	T
9	0	0.99	0	0	C
10	0.98	0	0.01	0.01	A
11	0.07	0.47	0.15	0.31	N
XX
DE	Hela_c2_0
1	0.67	0.03	0.19	0.12	A
2	0.06	0.6	0.31	0.03	C
3	1	0	0	0	A
4	0	0	0	1	T
5	0	0	0	1	T
6	0	1	0	0	C
7	0	1	0	0	C
8	0.39	0.15	0.02	0.43	W
XX
DE	Hela_c3_0
1	0.65	0.1	0.12	0.13	A
2	0.62	0.05	0.19	0.14	A
