DE	K562Proximal_c0_0
1	0.06	0.21	0.71	0.02	G
2	0.02	0.53	0.44	0	S
3	0	0.92	0.07	0	C
4	0	1	0	0	C
5	0	0.97	0.03	0	C
6	0	0	1	0	G
7	0.01	0.86	0	0.13	C
8	0.03	0.75	0.15	0.07	C
9	0.21	0.47	0.16	0.17	N
10	0.12	0.45	0.25	0.17	N
11	0.1	0.39	0.29	0.22	N
XX
DE	K562Proximal_c1_0
1	0.12	0.24	0.32	0.31	N
2	0.16	0.31	0.4	0.14	N
3	0.41	0.34	0.05	0.21	N
4	0	0.99	0	0	C
5	0	0	1	0	G
6	0	0.68	0	0.31	C
7	0	0.35	0.64	0	G
8	0.85	0	0.04	0.11	A
9	0.06	0.52	0.3	0.12	S
10	0.12	0.34	0.42	0.13	N
XX
DE	K562Proximal_c2_0
1	0.2	0.39	0.33	0.08	N
2	0.16	0.28	0.38	0.18	N
3	0	0	0.99	0	G
4	0	1	0	0	C
5	0	0	1	0	G
6	0	1	0	0	C
7	0	0	1	0	G
8	0.4	0.24	0.18	0.18	N
9	0.07	0.35	0.5	0.08	S
10	0.14	0.32	0.4	0.13	N
11	0.13	0.4	0.29	0.18	N
XX
DE	K562Proximal_c3_0
1	0.23	0.29	0.39	0.09	N
2	0.21	0.28	0.17	0.33	N
3	0.06	0.14	0.79	0.01	G
4	0	0.02	0.97	0	G
5	0	1	0	0	C
6	0	0	1	0	G
7	0.01	0.01	0.98	0	G
8	0	1	0	0	C
9	0	0.15	0.85	0	G
10	0.05	0.07	0.83	0.05	G
11	0.08	0.62	0.22	0.08	C
XX
DE	K562_c0_0
1	0.14	0.46	0.17	0.23	N
2	0	1	0	0	C
3	1	0	0	0	A
4	0	1	0	0	C
5	0	0	1	0	G
6	0	0	0	1	T
7	0.11	0.4	0.38	0.11	N
8	0.29	0.4	0.19	0.12	N
XX
DE	K562_c1_0
1	0.07	0.78	0.07	0.09	C
2	0	1	0	0	C
3	1	0	0	0	A
4	0	1	0	0	C
5	0	0	1	0	G
6	0	0.97	0.02	0	C
7	0.2	0.35	0.29	0.16	N
XX
DE	K562_c2_0
1	0.13	0.3	0.45	0.11	N
2	0.24	0.22	0.45	0.09	N
3	0.17	0.29	0.22	0.32	N
4	0	0.01	0.99	0	G
5	0	0	0.99	0	G
6	0	1	0	0	C
7	0	0	1	0	G
8	0	0	1	0	G
9	0.01	0.89	0.08	0.01	C
10	0.01	0.14	0.84	0.01	G
11	0.03	0.04	0.87	0.05	G
XX
DE	K562_c3_0
1	0.14	0.45	0.26	0.16	N
2	0.05	0.43	0.43	0.09	S
3	0.13	0.52	0.1	0.26	N
4	0	1	0	0	C
5	1	0	0	0	A
6	0	1	0	0	C
7	0	1	0	0	C
8	0	1	0	0	C
XX
DE	K562_c4_0
1	0.18	0.44	0.22	0.17	N
2	0.2	0.34	0.28	0.19	N
3	0.07	0.24	0.64	0.05	G
4	0	0	0	1	T
5	0	0.01	0.99	0	G
6	1	0	0	0	A
7	0	0.99	0	0	C
8	0.08	0.58	0.28	0.07	S
9	0.12	0.26	0.22	0.41	N
10	0.16	0.42	0.27	0.16	N
XX
DE	K562_c5_0
1	0.23	0.33	0.31	0.14	N
2	0.29	0.36	0.24	0.11	N
3	0.66	0.07	0.08	0.19	A
4	0	0	1	0	G
5	1	0	0	0	A
6	0	0	0	1	T
7	0.87	0	0.13	0	A
8	0.67	0.05	0.23	0.05	A
9	0.21	0.3	0.4	0.09	N
10	0.22	0.22	0.47	0.09	N
11	0.22	0.24	0.4	0.14	N
XX
DE	SharedProximal_c0_0
1	0.37	0.26	0.2	0.17	N
2	0.22	0.26	0.38	0.14	N
3	0.56	0.19	0.13	0.12	N
4	0.01	0.19	0	0.8	T
5	0	0.08	0.79	0.13	G
6	0.01	0.16	0.78	0.05	G
7	0	1	0	0	C
8	0	0.13	0.87	0	G
9	0	0.08	0.92	0	G
10	0.04	0.93	0.03	0	C
11	0.1	0.27	0.51	0.12	N
XX
DE	SharedProximal_c1_0
1	0.13	0.15	0.4	0.33	N
2	0.19	0.49	0.11	0.21	N
3	0.01	0.94	0.05	0	C
4	0	0	1	0	G
5	0	0.91	0	0.08	C
6	0	0.76	0.24	0	C
7	1	0	0	0	A
8	0.03	0.17	0.07	0.74	T
9	0.11	0.29	0.38	0.21	N
10	0.13	0.17	0.38	0.31	N
11	0.08	0.44	0.14	0.34	N
XX
DE	GM12878Proximal_c1_0
1	0.39	0.16	0.2	0.25	N
2	0.32	0.23	0.24	0.21	N
3	0.12	0.05	0.13	0.71	T
4	0	0	1	0	G
5	1	0	0	0	A
6	1	0	0	0	A
7	1	0	0	0	A
8	0.14	0.59	0.18	0.09	N
9	0.28	0.29	0.11	0.32	N
10	0.35	0.2	0.24	0.21	N
XX
DE	GM12878Proximal_c2_0
1	0.25	0.26	0.17	0.32	N
2	0.23	0.17	0.26	0.34	N
3	0.17	0.29	0.1	0.45	N
4	0.03	0.9	0.01	0.05	C
5	1	0	0	0	A
6	0	0	0	1	T
7	0	0	0	1	T
8	0	0	0	0.99	T
9	0.1	0.28	0.09	0.53	Y
10	0.32	0.29	0.18	0.21	N
XX
DE	GM12878Proximal_c3_0
1	0.21	0.33	0.2	0.26	N
2	0.18	0.1	0.17	0.55	N
3	0.15	0.69	0.12	0.03	C
4	0.99	0	0	0	A
5	0	0	1	0	G
6	0	0	0	1	T
7	0.04	0.73	0.14	0.09	C
8	0.66	0.12	0.12	0.1	A
XX
DE	GM12878Proximal_c4_0
1	0.21	0.21	0.21	0.37	N
2	0.2	0.23	0.23	0.33	N
3	0.16	0.18	0.18	0.48	N
4	0	1	0	0	C
5	0	0	0	1	T
6	0	0.01	0.99	0	G
7	0	0	0	1	T
8	0.1	0.1	0.12	0.68	T
9	0.18	0.29	0.16	0.37	N
10	0.23	0.34	0.17	0.26	N
XX
DE	GM12878Proximal_c5_0
1	0.66	0.1	0.06	0.18	A
2	0	0	0	1	T
3	0	0	1	0	G
4	1	0	0	0	A
5	0	0	0.96	0.03	G
6	0.18	0.09	0.16	0.57	N
7	0.37	0.23	0.23	0.18	N
XX
DE	H1hESC_c0_0
1	0.23	0.22	0.36	0.2	N
2	0.11	0.25	0.54	0.1	N
3	1	0	0	0	A
4	0	1	0	0	C
5	0	1	0	0	C
6	0	0	0	1	T
7	0	0	1	0	G
8	0.13	0.38	0.39	0.1	N
XX
DE	H1hESC_c1_0
1	0.31	0.21	0.36	0.13	N
2	0.38	0.22	0.26	0.14	N
3	0.34	0.06	0.43	0.17	N
4	0.01	0	0.99	0	G
5	0	0	1	0	G
6	1	0	0	0	A
7	0.02	0	0.97	0	G
8	0.91	0	0.09	0	A
9	0.26	0.05	0.64	0.05	G
10	0.32	0.06	0.54	0.07	R
11	0.19	0.09	0.65	0.07	G
XX
DE	H1hESC_c3_0
1	0.45	0.08	0.3	0.17	N
2	0	0	0.99	0.01	G
3	0	0	1	0	G
4	0	0	1	0	G
5	1	0	0	0	A
6	0	0	0	1	T
7	0.11	0.26	0.36	0.27	N
8	0.15	0.37	0.24	0.24	N
XX
DE	H1hESC_c4_0
1	0.12	0.04	0.32	0.52	K
2	0	0	1	0	G
3	0	1	0	0	C
4	1	0	0	0	A
5	0	0	0	1	T
6	0	0	0	0.99	T
7	0.1	0.41	0.19	0.3	N
8	0.18	0.36	0.17	0.3	N
9	0.28	0.3	0.16	0.26	N
XX
DE	H1hESC_c5_0
1	0.2	0.29	0.34	0.17	N
2	0.22	0.31	0.28	0.19	N
3	0.28	0.31	0.22	0.18	N
4	0.47	0.06	0.26	0.2	N
5	0.01	0	0.99	0	G
6	0	0	0.99	0	G
7	1	0	0	0	A
8	1	0	0	0	A
9	0	0	0	1	T
10	0.04	0.2	0.64	0.12	G
11	0.15	0.33	0.22	0.3	N
XX
DE	Shared_c0_0
1	0.06	0.87	0.06	0.01	C
2	1	0	0	0	A
3	1	0	0	0	A
4	0	1	0	0	C
5	0	0	1	0	G
6	0.03	0.83	0.1	0.05	C
7	0.1	0.51	0.23	0.16	N
XX
DE	Shared_c1_0
1	0.35	0.15	0.39	0.12	N
2	0.33	0.34	0.16	0.17	N
3	0.12	0.55	0.13	0.2	N
4	1	0	0	0	A
5	0	0	0	1	T
6	0	0	1	0	G
7	0	0	1	0	G
8	0	1	0	0	C
9	0.07	0.39	0.47	0.07	S
10	0.22	0.21	0.41	0.16	N
11	0.13	0.63	0.15	0.09	C
XX
DE	Shared_c2_0
1	0.51	0.16	0.21	0.12	N
2	0.53	0.19	0.11	0.18	N
3	0.39	0.3	0.31	0	N
4	1	0	0	0	A
5	0	0	0	1	T
6	0	0	1	0	G
7	0	0	1	0	G
8	0	1	0	0	C
9	0	0	0	1	T
10	0.05	0.16	0.67	0.12	G
11	0.13	0.65	0.06	0.16	C
XX
DE	Shared_c3_0
1	0.41	0.18	0.34	0.08	N
2	0.52	0.23	0.15	0.1	N
3	1	0	0	0	A
4	1	0	0	0	A
5	0	0	0	1	T
6	0	0	1	0	G
7	0	0	1	0	G
8	0	1	0	0	C
9	0.19	0.02	0.74	0.04	G
10	0.14	0.23	0.54	0.08	N
11	0.16	0.5	0.21	0.13	N
XX
DE	Shared_c4_0
1	0.51	0.17	0.25	0.07	N
2	0.61	0.14	0.15	0.1	A
3	0	0	1	0	G
4	1	0	0	0	A
5	0	0	0	1	T
6	0	0	1	0	G
7	0	0	1	0	G
8	0	1	0	0	C
9	0.19	0	0.8	0.01	G
10	0.12	0.24	0.56	0.08	S
11	0.16	0.54	0.15	0.15	N
XX
DE	Shared_c5_0
1	0.44	0.18	0.25	0.13	N
2	0.41	0.25	0.16	0.17	N
3	0.26	0.29	0.3	0.15	N
4	0.95	0.04	0.02	0	A
5	0	0.11	0	0.88	T
6	0	0	1	0	G
7	0	0	1	0	G
8	0	1	0	0	C
9	0	0.81	0.19	0	C
10	0	0	0.99	0	G
11	0.14	0.61	0.17	0.09	C
XX
DE	K562Distal_c1_0
1	0.12	0.23	0.49	0.17	N
2	0.2	0.51	0.15	0.15	N
3	0.25	0.27	0.42	0.06	N
4	0	0	1	0	G
5	0	1	0	0	C
6	0	1	0	0	C
7	1	0	0	0	A
8	0.04	0.07	0.1	0.79	T
9	0.06	0.32	0.38	0.24	N
10	0.17	0.19	0.16	0.49	N
11	0.12	0.29	0.16	0.43	N
XX
DE	H1hESCDistal_c0_0
1	0.3	0.33	0.22	0.15	N
2	0.18	0.45	0.16	0.21	N
3	0.44	0.05	0.22	0.29	N
4	0	0	1	0	G
5	0	1	0	0	C
6	1	0	0	0	A
7	0	0	1	0	G
8	0.02	0.07	0.91	0	G
9	0.3	0.11	0.24	0.35	N
10	0.28	0.16	0.39	0.17	N
11	0.24	0.19	0.32	0.24	N
XX
DE	H1hESCDistal_c1_0
1	0.33	0.11	0.4	0.16	N
2	0.26	0.5	0.17	0.07	N
3	1	0	0	0	A
4	0	0	0	1	T
5	0	0	0.04	0.96	T
6	0	0.95	0.04	0.01	C
7	0	0.96	0	0.04	C
8	0.31	0.23	0.04	0.42	N
XX
DE	SharedDistal_c0_0
1	0.17	0.47	0.23	0.14	N
2	0.28	0.2	0.18	0.34	N
3	0.13	0.14	0.57	0.16	N
4	0	0	1	0	G
5	0	0	0	1	T
6	0	0	1	0	G
7	0	0	0.99	0	G
8	0.04	0.82	0.04	0.09	C
9	0.2	0.34	0.25	0.22	N
10	0.15	0.27	0.42	0.15	N
11	0.16	0.38	0.23	0.23	N
XX
DE	SharedDistal_c1_0
1	0.24	0.29	0.32	0.15	N
2	0.18	0.35	0.33	0.14	N
3	0.34	0.06	0.57	0.03	R
4	0	0	1	0	G
5	0	0	1	0	G
6	0	0	1	0	G
7	0	0.89	0.11	0	C
8	0.31	0.1	0.48	0.11	N
9	0.15	0.15	0.57	0.12	N
XX
DE	SharedDistal_c2_0
1	0.29	0.07	0.6	0.04	G
2	0	0	0.99	0	G
3	0	1	0	0	C
4	0	1	0	0	C
5	1	0	0	0	A
6	0.12	0.01	0.87	0	G
7	0.14	0.37	0.37	0.12	N
8	0.28	0.26	0.32	0.14	N
XX
DE	SharedDistal_c3_0
1	0.27	0.25	0.35	0.13	N
2	0	0	1	0	G
3	0	1	0	0	C
4	0	0	1	0	G
5	0	1	0	0	C
6	0.01	0.96	0.02	0.01	C
7	0.23	0.37	0.24	0.15	N
8	0.07	0.44	0.26	0.24	N
9	0.13	0.52	0.21	0.14	N
10	0.14	0.28	0.26	0.32	N
XX
DE	SharedDistal_c5_0
1	0.15	0.14	0.57	0.14	N
2	0.12	0.62	0.13	0.13	C
3	0.35	0.18	0.33	0.13	N
4	0.02	0	0.98	0	G
5	0	1	0	0	C
6	0	1	0	0	C
7	1	0	0	0	A
8	0	0	0	1	T
9	0.09	0.42	0.23	0.26	N
10	0.13	0.16	0.2	0.51	N
11	0.12	0.28	0.18	0.41	N
XX
DE	GM12878_c0_0
1	0.25	0.2	0.21	0.33	N
2	0.3	0.2	0.23	0.26	N
3	0.22	0.24	0.22	0.32	N
4	0	0	0	1	T
5	0.99	0	0	0	A
6	1	0	0	0	A
7	0	0	0	1	T
8	1	0	0	0	A
9	0.29	0.21	0.24	0.26	N
10	0.3	0.25	0.18	0.26	N
11	0.28	0.22	0.22	0.27	N
XX
DE	GM12878_c1_0
1	0.21	0.18	0.24	0.37	N
2	0.12	0.47	0.17	0.24	N
3	0.27	0.04	0.2	0.49	N
4	0	0	0.99	0	G
5	0	0	0	1	T
6	0	0	0	1	T
7	0	0	0	1	T
8	0	0.99	0	0.01	C
9	0.03	0.24	0.03	0.71	T
10	0.28	0.3	0.26	0.16	N
XX
DE	GM12878_c2_0
1	0.34	0.08	0.35	0.23	N
2	0.34	0.11	0.42	0.13	N
3	1	0	0	0	A
4	1	0	0	0	A
5	0	0	1	0	G
6	0	1	0	0	C
7	1	0	0	0	A
8	0.25	0.25	0.29	0.2	N
9	0.38	0.22	0.19	0.22	N
XX
DE	GM12878_c3_0
1	0.59	0.18	0.12	0.11	N
2	0	0	0	0.99	T
3	0	0	1	0	G
4	1	0	0	0	A
5	0	1	0	0	C
6	0	0	0	1	T
7	0.09	0.32	0.44	0.14	N
8	0.49	0.16	0.09	0.26	N
XX
DE	GM12878_c4_0
1	0.31	0.24	0.26	0.19	N
2	0.28	0.2	0.26	0.27	N
3	0.25	0.25	0.2	0.3	N
4	0.09	0	0	0.9	T
5	1	0	0	0	A
6	0	0	0	1	T
7	0	0	1	0	G
8	1	0	0	0	A
9	0.25	0.22	0.3	0.23	N
XX
DE	GM12878_c5_0
1	0.33	0.1	0.27	0.3	N
2	0.09	0.05	0.76	0.1	G
3	0	0	0	1	T
4	0	0	0	1	T
5	0	0	0	1	T
6	0	1	0	0	C
7	0.99	0	0	0	A
8	0.14	0.26	0.23	0.37	N
9	0.37	0.12	0.13	0.37	N
10	0.24	0.18	0.18	0.4	N
11	0.21	0.32	0.15	0.32	N
XX
DE	H1hESCProximal_c1_0
1	0.21	0.47	0.17	0.16	N
2	0.13	0.36	0.21	0.29	N
3	0.08	0.61	0.1	0.21	C
4	0	0.34	0.04	0.63	T
5	0.02	0.97	0	0	C
6	0	0.01	0	0.98	T
7	0	1	0	0	C
8	0.01	0.91	0.04	0.03	C
9	0.19	0.39	0.19	0.23	N
10	0.15	0.38	0.22	0.25	N
11	0.14	0.42	0.26	0.18	N
XX
DE	GM12878Distal_c0_0
1	0.33	0.14	0.32	0.21	N
2	0.4	0.19	0.18	0.23	N
3	0.44	0.09	0.11	0.36	W
4	0.39	0.19	0.36	0.06	N
5	0	0	0	1	T
6	0	0	1	0	G
7	1	0	0	0	A
8	1	0	0	0	A
9	0.92	0	0.02	0.05	A
10	0.14	0.47	0.24	0.15	N
11	0.27	0.31	0.15	0.27	N
XX
DE	GM12878Distal_c2_0
1	0.52	0.09	0.12	0.27	N
2	0.61	0.27	0.05	0.07	A
3	0	0	0	1	T
4	0	0	1	0	G
5	1	0	0	0	A
6	0	0	1	0	G
7	0.42	0.16	0.18	0.24	N
8	0.46	0.13	0.2	0.21	N
XX
DE	GM12878Distal_c3_0
1	0.34	0.17	0.16	0.33	N
2	0.25	0.27	0.24	0.23	N
3	0.24	0.57	0.1	0.09	M
4	1	0	0	0	A
5	0	1	0	0	C
6	1	0	0	0	A
7	0	0	1	0	G
XX
DE	GM12878Distal_c4_0
1	0.16	0.24	0.44	0.16	N
2	0.13	0.18	0.11	0.59	N
3	0	0	0	1	T
4	0	0	0	1	T
5	0	1	0	0	C
6	0	0	0	1	T
7	0.56	0.18	0.2	0.06	N
XX
DE	GM12878Distal_c5_0
1	0.36	0.28	0.11	0.25	N
2	0.01	0	0	0.99	T
3	0	0	1	0	G
4	1	0	0	0	A
5	0	1	0	0	C
6	0	0	0	1	T
7	0.16	0.33	0.3	0.21	N
8	0.43	0.2	0.13	0.24	N
XX
