DE	shared_c0_0
1	0.11	0.53	0.1	0.25	N
2	0.96	0.02	0.01	0.01	A
3	0	0.98	0.01	0	C
4	0	0	0	1	T
5	0	0	0	1	T
6	1	0	0	0	A
7	0.86	0.04	0.07	0.03	A
8	0.15	0.15	0.18	0.53	N
9	0.24	0.19	0.28	0.3	N
XX
DE	shared_c1_0
1	0.18	0.35	0.19	0.29	N
2	0.12	0.32	0.4	0.16	N
3	0.01	0.49	0.15	0.34	Y
4	0.01	0.99	0	0	C
5	0	0.01	0.98	0.01	G
6	0	0.59	0	0.41	Y
7	0.07	0.65	0.01	0.27	C
8	0.24	0.18	0.12	0.46	N
XX
DE	shared_c2_0
1	0.25	0.19	0.32	0.23	N
2	0.01	0.71	0.1	0.17	C
3	0	0.07	0	0.93	T
4	1	0	0	0	A
5	1	0	0	0	A
6	0	0	0	1	T
7	0	0	0	1	T
8	1	0	0	0	A
9	0.65	0	0.35	0	A
10	0.06	0.06	0.17	0.71	T
11	0.04	0.13	0.11	0.72	T
XX
DE	shared_c3_0
1	0.36	0.2	0.28	0.16	N
2	0.02	0.74	0.12	0.12	C
3	0.01	0.11	0	0.88	T
4	1	0	0	0	A
5	1	0	0	0	A
6	0	0	0	1	T
7	0	0	0	1	T
8	0	0	1	0	G
9	0.23	0.4	0.19	0.17	N
XX
DE	shared_c4_0
1	0.36	0.16	0.27	0.21	N
2	0.08	0.43	0.37	0.12	S
3	0.1	0.07	0.05	0.77	T
4	0	0	0.99	0	G
5	1	0	0	0	A
6	0	0	0	1	T
7	0	0.01	0	0.99	T
8	0.51	0.01	0.48	0	R
9	0.23	0.21	0.43	0.12	N
10	0.21	0.35	0.16	0.28	N
XX
DE	shared_c5_0
1	0.19	0.17	0.26	0.38	N
2	0.27	0.25	0.21	0.28	N
3	0.31	0.51	0.12	0.06	M
4	1	0	0	0	A
5	0	0	0	1	T
6	0	0	0	1	T
7	1	0	0	0	A
8	0.02	0.01	0.96	0	G
9	0.12	0.28	0.2	0.4	N
10	0.17	0.21	0.33	0.29	N
XX
DE	inactive_c0_0
1	0.13	0.32	0.25	0.29	N
2	0.05	0.63	0	0.32	C
3	0.84	0	0.06	0.1	A
4	0.89	0.11	0	0	A
5	0	0	0	1	T
6	0	0.07	0	0.93	T
7	0.93	0	0	0.07	A
8	0.84	0.01	0.04	0.12	A
9	0.14	0	0.23	0.64	T
XX
DE	inactive_c1_0
1	0.34	0.23	0.19	0.24	N
2	0.25	0.28	0.06	0.4	N
3	0.53	0	0	0.47	W
4	1	0	0	0	A
5	0	0	0	1	T
6	0	0	0	1	T
7	0	0	1	0	G
8	0.97	0.01	0.01	0	A
9	0.16	0.18	0.06	0.6	T
10	0.18	0.1	0.08	0.64	T
11	0.27	0.11	0.21	0.4	N
XX
DE	late_c0_0
1	0.19	0.15	0.24	0.41	N
2	0.25	0.15	0.16	0.43	N
3	0.27	0.14	0.4	0.19	N
4	0.97	0	0	0.02	A
5	0.06	0	0	0.94	T
6	0	0	0	1	T
7	0	0	0	1	T
8	0	0.01	0	0.99	T
9	0.22	0.32	0.14	0.33	N
10	0.27	0.25	0.09	0.39	N
11	0.24	0.22	0.14	0.4	N
XX
DE	late_c1_0
1	0.53	0.1	0.23	0.13	N
2	0.63	0.08	0.17	0.12	A
3	0.03	0.03	0.04	0.9	T
4	0	0.99	0	0	C
5	0.92	0	0.07	0	A
6	1	0	0	0	A
7	0	0	0	1	T
8	0.87	0.04	0.05	0.05	A
XX
DE	active_c0_0
1	0.18	0.46	0.18	0.18	N
2	0.23	0.18	0.16	0.42	N
3	0.23	0.15	0.48	0.15	N
4	0.08	0.68	0.16	0.08	C
5	0	0.99	0	0.01	C
6	0.03	0	0.97	0	G
7	0.04	0.78	0.11	0.07	C
8	0.17	0.43	0.06	0.34	N
9	0.12	0.2	0.2	0.48	N
10	0.21	0.2	0.27	0.32	N
XX
DE	active_c1_0
1	0.24	0.14	0.46	0.16	N
2	0.13	0.25	0.52	0.11	N
3	0.12	0.24	0.36	0.27	N
4	0.05	0.08	0.71	0.16	G
5	0	0	0.98	0.01	G
6	0	0	1	0	G
7	0	0	0.99	0	G
8	0	0.1	0.9	0	G
9	0.39	0.3	0.07	0.25	N
10	0.1	0.07	0.74	0.09	G
11	0.17	0.17	0.52	0.14	N
XX
DE	early_c1_0
1	0.33	0.19	0.25	0.23	N
2	0.18	0.23	0.41	0.18	N
3	0.18	0.41	0.25	0.16	N
4	0.16	0.07	0.14	0.63	T
5	0	0	1	0	G
6	0	0	1	0	G
7	0	0	1	0	G
8	0	0	0.98	0.02	G
9	0.12	0.17	0.43	0.29	N
10	0.13	0.19	0.4	0.28	N
11	0.24	0.19	0.28	0.29	N
XX
DE	early_c0_0
0	0.358974	0.348718	0.117949	0.174359	N
1	0.025641	0.717949	0.179487	0.076923	C
2	0.000000	0.010256	0.000000	0.989744	T
3	0.000000	0.000000	0.000000	1.000000	T
4	0.000000	0.035897	0.000000	0.964103	T
5	0.000000	0.000000	1.000000	0.000000	G
6	0.938462	0.061538	0.000000	0.000000	A
7	0.651282	0.020513	0.056410	0.271795	A
8	0.112821	0.261538	0.410256	0.215385	N
9	0.158974	0.092308	0.123077	0.625641	T
XX
