DE	shared_c0_0
1	0.05	0.46	0.16	0.33	N
2	0	0.01	0	0.99	T
3	0.99	0	0	0	A
4	1	0	0	0	A
5	0	0	0	1	T
6	0	0	0	1	T
7	1	0	0	0	A
8	0.97	0.02	0.01	0	A
9	0.02	0.05	0.05	0.88	T
10	0.04	0.14	0.22	0.6	K
XX
DE	shared_c1_0
1	0.35	0.15	0.36	0.14	N
2	0.01	0.95	0.04	0	C
3	0	0	0	1	T
4	1	0	0	0	A
5	1	0	0	0	A
6	0	0	0	1	T
7	0	0	0	1	T
8	0.99	0	0	0	A
9	0.41	0.31	0.22	0.06	N
10	0.44	0.24	0.18	0.14	N
XX
DE	shared_c2_0
1	0.15	0.26	0.19	0.39	N
2	0.21	0.26	0.11	0.42	N
3	0.12	0.66	0.21	0	C
4	1	0	0	0	A
5	0	0	0	1	T
6	0	0	0	1	T
7	1	0	0	0	A
8	0.7	0.08	0.2	0.02	A
9	0.07	0.14	0.23	0.56	N
10	0.17	0.3	0.16	0.37	N
XX
DE	shared_c3_0
1	0.31	0.25	0.23	0.21	N
2	0.2	0.24	0.16	0.41	N
3	0.01	0.02	0.35	0.62	T
4	0.01	0.01	0	0.98	T
5	1	0	0	0	A
6	1	0	0	0	A
7	0	0	0	1	T
8	0	0	0	1	T
9	0.79	0	0.2	0.01	A
10	0.06	0.58	0.08	0.28	Y
XX
DE	inactive_c1_0
1	0.48	0.13	0.2	0.19	N
2	0.32	0.08	0.12	0.47	N
3	0.05	0.09	0.73	0.13	G
4	0.01	0.02	0	0.97	T
5	0.97	0.02	0.01	0	A
6	1	0	0	0	A
7	0.01	0	0.02	0.97	T
8	0.02	0.09	0.5	0.39	K
9	0.46	0.03	0.16	0.35	W
10	0.33	0.23	0.27	0.17	N
XX
DE	inactive_c2_0
1	0.46	0.09	0.23	0.22	N
2	0.31	0.12	0.3	0.27	N
3	0.34	0.08	0.17	0.42	N
4	0.15	0.08	0.71	0.07	G
5	1	0	0	0	A
6	1	0	0	0	A
7	0.01	0	0	0.99	T
8	0.01	0.01	0	0.98	T
9	0.18	0.21	0.34	0.28	N
10	0.3	0.26	0.32	0.13	N
XX
DE	inactive_c3_0
1	0.41	0.17	0.14	0.27	N
2	0.47	0.15	0.17	0.21	N
3	0.44	0.05	0.38	0.12	R
4	0	0	0	0.99	T
5	0	0.03	0.97	0	G
6	1	0	0	0	A
7	0	0	0	1	T
8	0.01	0.63	0.26	0.1	C
9	0.63	0.14	0.07	0.16	A
10	0.39	0.16	0.3	0.16	N
XX
DE	late_c1_0
1	0.28	0.17	0.28	0.28	N
2	0.28	0.23	0.18	0.31	N
3	0.13	0.11	0.05	0.71	T
4	0.99	0	0	0	A
5	0	0	0	1	T
6	0	0	0	1	T
7	0	0	1	0	G
8	0.99	0.01	0	0	A
9	0.09	0.17	0.07	0.67	T
10	0.1	0.2	0.09	0.6	T
XX
DE	late_c2_0
1	0.31	0.13	0.29	0.26	N
2	0.26	0.07	0.41	0.26	N
3	0.38	0.05	0.53	0.04	R
4	1	0	0	0	A
5	1	0	0	0	A
6	1	0	0	0	A
7	0	0	0	1	T
8	0.11	0.67	0.09	0.14	C
9	0.34	0.23	0.11	0.32	N
10	0.36	0.2	0.23	0.21	N
XX
DE	late_c3_0
1	0.25	0.14	0.33	0.28	N
2	0.3	0.26	0.22	0.22	N
3	0.02	0.21	0	0.77	T
4	0.99	0.01	0	0	A
5	0.84	0	0	0.16	A
6	0	0	0	1	T
7	0.96	0.04	0	0	A
8	0.7	0.03	0.11	0.15	A
9	0.35	0.15	0.16	0.34	N
10	0.23	0.24	0.24	0.29	N
XX
DE	activeearly_c0_0
1	0.22	0.35	0.18	0.25	N
2	0.33	0.25	0.2	0.22	N
3	0.15	0.64	0.17	0.04	C
4	0	1	0	0	C
5	0	1	0	0	C
6	0	1	0	0	C
7	0.04	0.96	0	0	C
8	0.58	0.08	0.05	0.29	W
9	0.15	0.29	0.39	0.17	N
10	0.23	0.37	0.2	0.21	N
XX
DE	activeearly_c1_0
1	0.14	0.51	0.08	0.27	N
2	0.98	0.01	0.01	0	A
3	0	1	0	0	C
4	0	1	0	0	C
5	0.02	0.07	0.04	0.87	T
6	0.22	0.11	0.6	0.07	R
7	0.2	0.35	0.26	0.19	N
XX
DE	activelate_c1_0
1	0.36	0	0.59	0.05	R
2	0.82	0.14	0.05	0	A
3	1	0	0	0	A
4	0.95	0	0.05	0	A
5	1	0	0	0	A
6	1	0	0	0	A
7	0.86	0	0	0.14	A
8	0.73	0.23	0	0.05	A
9	0.68	0.14	0.09	0.09	A
10	0.54	0.32	0.09	0.05	M
XX
DE	inactiveshared_c0_0
1	0.1	0.17	0.09	0.64	T
2	0.11	0.03	0.04	0.82	T
3	1	0	0	0	A
4	1	0	0	0	A
5	0	0	1	0	G
6	0	0.01	0	0.99	T
7	0.24	0.07	0.6	0.09	G
8	0.43	0.17	0.25	0.16	N
XX
DE	inactiveshared_c1_0
1	0.53	0.24	0.18	0.05	N
2	0.65	0.2	0.07	0.08	A
3	0.01	0.08	0.05	0.86	T
4	0	0	0	0.99	T
5	0.99	0.01	0	0	A
6	1	0	0	0	A
7	0	0	0.04	0.96	T
8	0	0	0.01	0.99	T
9	0.79	0	0.2	0.01	A
10	0.28	0.2	0.45	0.07	N
XX
DE	inactiveshared_c2_0
1	0.33	0.17	0.25	0.25	N
2	0.05	0.68	0.08	0.19	C
3	0.01	0.05	0	0.94	T
4	1	0	0	0	A
5	1	0	0	0	A
6	0	0	0	1	T
7	0.04	0.2	0.74	0.02	G
8	0.55	0.09	0.18	0.18	N
XX
DE	inactiveshared_c3_0
1	0.28	0.19	0.27	0.25	N
2	0.04	0.73	0.14	0.1	C
3	0	0.02	0	0.98	T
4	1	0	0	0	A
5	1	0	0	0	A
6	0	0	0	1	T
7	0	0	0.02	0.98	T
8	0.52	0	0.47	0.01	R
9	0.11	0.41	0.41	0.07	S
10	0.41	0.18	0.06	0.34	N
XX
DE	inactivelate_c1_0
1	0.33	0.15	0.22	0.31	N
2	0.22	0.23	0.23	0.32	N
3	0.11	0.39	0	0.5	Y
4	0.95	0.01	0	0.04	A
5	0.92	0	0	0.08	A
6	0.02	0	0	0.98	T
7	1	0	0	0	A
8	0.54	0.01	0.03	0.42	W
9	0.22	0.22	0.19	0.36	N
10	0.24	0.27	0.19	0.31	N
XX
DE	inactivelate_c2_0
1	0.63	0.08	0.2	0.1	A
2	0.8	0.05	0.09	0.06	A
3	0	0	0	1	T
4	0	0.98	0	0.02	C
5	0.96	0.02	0.01	0.01	A
6	0.98	0	0.01	0.01	A
7	0	0	0	1	T
8	0.61	0.12	0.12	0.14	A
9	0.32	0.2	0.21	0.27	N
10	0.29	0.27	0.16	0.28	N
XX
DE	active_c0_0
1	0.22	0.34	0.21	0.24	N
2	0.84	0.1	0.04	0.02	A
3	0.01	0.01	0.98	0	G
4	0	1	0	0	C
5	0	0.99	0	0.01	C
6	0	0.98	0.01	0.02	C
7	0.43	0.24	0.12	0.2	N
8	0.23	0.23	0.42	0.12	N
XX
DE	active_c1_0
1	0.34	0.18	0.19	0.29	N
2	0.32	0.23	0.31	0.14	N
3	0.46	0.09	0.32	0.12	N
4	0	0.16	0.59	0.24	K
5	0	1	0	0	C
6	0	0	1	0	G
7	0	0.26	0.59	0.15	S
8	0.23	0.11	0.42	0.24	N
9	0.33	0.08	0.26	0.33	N
10	0.28	0.2	0.26	0.26	N
XX
DE	active_c2_0
1	0.12	0.55	0.12	0.21	N
2	0.1	0.62	0.15	0.14	C
3	0.05	0.75	0.08	0.12	C
4	0.01	0.93	0.04	0.02	C
5	0.3	0.05	0.06	0.58	W
6	0	0.99	0.01	0	C
7	0	0.97	0.01	0.02	C
8	0.05	0.89	0.02	0.03	C
9	0.13	0.61	0.05	0.21	C
10	0.11	0.62	0.14	0.14	C
XX
DE	activeshared_c0_0
1	0.11	0.51	0.15	0.23	N
2	0.52	0.28	0.15	0.05	N
3	0.99	0	0	0	A
4	0	0	0	1	T
5	0	0.01	0	0.99	T
6	1	0	0	0	A
7	0.16	0.26	0.52	0.06	N
8	0.2	0.38	0.23	0.19	N
XX
DE	activeshared_c1_0
1	0.37	0.26	0.29	0.08	N
2	0.34	0.2	0.34	0.13	N
3	0	0.35	0.15	0.5	Y
4	0	0	0	1	T
5	1	0	0	0	A
6	1	0	0	0	A
7	0	0	0	1	T
8	0	0	0	1	T
9	0.92	0.01	0.06	0.01	A
10	0.39	0.27	0.23	0.11	N
XX
DE	activeshared_c3_0
1	0.23	0.34	0.16	0.26	N
2	0.19	0.38	0.19	0.24	N
3	0.17	0.58	0.19	0.06	N
4	0	0.96	0.03	0	C
5	0	0.02	0.98	0.01	G
6	0.02	0.87	0	0.11	C
7	0.14	0.45	0.06	0.34	N
8	0.11	0.45	0.16	0.28	N
9	0.23	0.29	0.17	0.31	N
10	0.14	0.37	0.22	0.26	N
XX
DE	early_c1_0
1	0.29	0.2	0.13	0.38	N
2	0.65	0.06	0.2	0.09	A
3	0.99	0	0	0	A
4	0	0.94	0.06	0	C
5	0	0	0	1	T
6	0	0	0	0.99	T
7	0.05	0.55	0.13	0.27	Y
8	0.28	0.42	0.1	0.2	N
9	0.24	0.24	0.12	0.4	N
XX
DE	early_c2_0
1	0.55	0.27	0.12	0.05	M
2	0.01	0.01	0.05	0.93	T
3	0	1	0	0	C
4	1	0	0	0	A
5	1	0	0	0	A
6	1	0	0	0	A
7	0.2	0.22	0.45	0.13	N
8	0.27	0.23	0.29	0.21	N
XX
DE	early_c3_0
1	0.24	0.32	0.19	0.24	N
2	0.25	0.46	0.12	0.17	N
3	0.01	0.04	0.02	0.92	T
4	0	0	0	0.99	T
5	0	0	0	1	T
6	0	0	1	0	G
7	1	0	0	0	A
8	0.96	0.01	0	0.02	A
9	0.28	0.1	0.43	0.19	N
XX
DE	inactiveearly_c1_0
1	0.29	0.32	0.16	0.24	N
2	0.43	0.14	0.06	0.37	W
3	0.06	0	0.01	0.93	T
4	0	0.99	0.01	0	C
5	1	0	0	0	A
6	1	0	0	0	A
7	0.86	0.09	0.03	0.02	A
8	0.25	0.15	0.37	0.23	N
XX
DE	inactiveearly_c2_0
1	0.37	0.28	0.11	0.24	N
2	0.11	0.58	0.04	0.27	Y
3	0	1	0	0	C
4	1	0	0	0	A
5	0	1	0	0	C
6	0.97	0.01	0.01	0.01	A
7	0.09	0.17	0.58	0.16	N
8	0.25	0.39	0.15	0.22	N
XX
